Scheme Code;Net Asset Value;Repurchase Price;Sale Price;Date
120586;18.66;18.47;18.66;02-Jan-2013
120586;18.73;18.54;18.73;03-Jan-2013
120586;18.76;18.57;18.76;04-Jan-2013
120586;18.72;18.53;18.72;07-Jan-2013
120586;18.76;18.57;18.76;08-Jan-2013
120586;18.76;18.57;18.76;09-Jan-2013
120586;18.77;18.58;18.77;10-Jan-2013
120586;18.69;18.50;18.69;11-Jan-2013
120586;18.84;18.65;18.84;14-Jan-2013
120586;18.94;18.75;18.94;15-Jan-2013
120586;18.78;18.59;18.78;16-Jan-2013
120586;18.94;18.75;18.94;17-Jan-2013
120586;18.97;18.78;18.97;18-Jan-2013
120586;19.08;18.89;19.08;21-Jan-2013
120586;18.93;18.74;18.93;22-Jan-2013
120586;18.91;18.72;18.91;23-Jan-2013
120586;18.80;18.61;18.80;24-Jan-2013
120586;18.99;18.80;18.99;25-Jan-2013
120586;19.02;18.83;19.02;28-Jan-2013
120586;18.89;18.70;18.89;29-Jan-2013
120586;18.89;18.70;18.89;30-Jan-2013
120586;18.78;18.59;18.78;31-Jan-2013
120586;18.74;18.55;18.74;01-Feb-2013
120586;18.67;18.48;18.67;04-Feb-2013
120586;18.55;18.36;18.55;05-Feb-2013
120586;18.57;18.38;18.57;06-Feb-2013
120586;18.49;18.31;18.49;07-Feb-2013
120586;18.39;18.21;18.39;08-Feb-2013
120586;18.38;18.20;18.38;11-Feb-2013
120586;18.48;18.30;18.48;12-Feb-2013
120586;18.47;18.29;18.47;13-Feb-2013
120586;18.40;18.22;18.40;14-Feb-2013
120586;18.35;18.17;18.35;15-Feb-2013
120586;18.36;18.18;18.36;18-Feb-2013
120586;18.50;18.32;18.50;19-Feb-2013
120586;18.51;18.32;18.51;20-Feb-2013
120586;18.24;18.06;18.24;21-Feb-2013
120586;18.26;18.08;18.26;22-Feb-2013
120586;18.28;18.10;18.28;25-Feb-2013
120586;18.07;17.89;18.07;26-Feb-2013
120586;18.14;17.96;18.14;27-Feb-2013
120586;17.87;17.69;17.87;28-Feb-2013
120586;17.97;17.79;17.97;01-Mar-2013
120586;17.92;17.74;17.92;04-Mar-2013
120586;18.11;17.93;18.11;05-Mar-2013
120586;18.24;18.06;18.24;06-Mar-2013
120586;18.33;18.15;18.33;07-Mar-2013
120586;18.56;18.37;18.56;08-Mar-2013
120586;18.53;18.34;18.53;11-Mar-2013
120586;18.45;18.27;18.45;12-Mar-2013
120586;18.25;18.07;18.25;13-Mar-2013
120586;18.42;18.24;18.42;14-Mar-2013
120586;18.27;18.09;18.27;15-Mar-2013
120586;18.16;17.98;18.16;18-Mar-2013
120586;17.96;17.78;17.96;19-Mar-2013
120586;17.76;17.58;17.76;20-Mar-2013
120586;17.64;17.46;17.64;21-Mar-2013
120586;17.59;17.41;17.59;22-Mar-2013
120586;17.51;17.33;17.51;25-Mar-2013
120586;17.49;17.32;17.49;26-Mar-2013
120586;17.67;17.49;17.67;28-Mar-2013
120586;17.72;17.54;17.72;01-Apr-2013
120586;17.82;17.64;17.82;02-Apr-2013
120586;17.58;17.40;17.58;03-Apr-2013
120586;17.31;17.14;17.31;04-Apr-2013
120586;17.29;17.12;17.29;05-Apr-2013
120586;17.32;17.15;17.32;08-Apr-2013
120586;17.15;16.98;17.15;09-Apr-2013
120586;17.36;17.19;17.36;10-Apr-2013
120586;17.46;17.29;17.46;11-Apr-2013
120586;17.34;17.17;17.34;12-Apr-2013
120586;17.41;17.24;17.41;15-Apr-2013
120586;17.66;17.48;17.66;16-Apr-2013
120586;17.72;17.54;17.72;17-Apr-2013
120586;17.89;17.71;17.89;18-Apr-2013
120586;18.06;17.88;18.06;22-Apr-2013
120586;18.03;17.85;18.03;23-Apr-2013
120586;18.24;18.06;18.24;25-Apr-2013
120586;18.22;18.04;18.22;26-Apr-2013
120586;18.35;18.17;18.35;29-Apr-2013
120586;18.43;18.25;18.43;30-Apr-2013
120586;18.57;18.38;18.57;02-May-2013
120586;18.37;18.19;18.37;03-May-2013
120586;18.47;18.29;18.47;06-May-2013
120586;18.68;18.49;18.68;07-May-2013
120586;18.72;18.53;18.72;08-May-2013
120586;18.66;18.47;18.66;09-May-2013
120586;18.87;18.68;18.87;10-May-2013
120586;18.54;18.35;18.54;13-May-2013
120586;18.61;18.42;18.61;14-May-2013
120586;18.98;18.79;18.98;15-May-2013
120586;19.08;18.89;19.08;16-May-2013
120586;19.10;18.91;19.10;17-May-2013
120586;19.02;18.83;19.02;20-May-2013
120586;18.88;18.69;18.88;21-May-2013
120586;18.84;18.65;18.84;22-May-2013
120586;18.48;18.30;18.48;23-May-2013
120586;18.57;18.38;18.57;24-May-2013
120586;18.79;18.60;18.79;27-May-2013
120586;18.87;18.68;18.87;28-May-2013
120586;18.84;18.65;18.84;29-May-2013
120586;18.92;18.73;18.92;30-May-2013
120586;18.61;18.42;18.61;31-May-2013
120586;18.48;18.30;18.48;03-Jun-2013
120586;18.46;18.28;18.46;04-Jun-2013
120586;18.47;18.29;18.47;05-Jun-2013
120586;18.46;18.28;18.46;06-Jun-2013
120586;18.38;18.20;18.38;07-Jun-2013
120586;18.32;18.14;18.32;10-Jun-2013
120586;18.10;17.92;18.10;11-Jun-2013
120586;18.06;17.88;18.06;12-Jun-2013
120586;17.86;17.68;17.86;13-Jun-2013
120586;18.13;17.95;18.13;14-Jun-2013
120586;18.22;18.04;18.22;17-Jun-2013
120586;18.17;17.99;18.17;18-Jun-2013
120586;18.23;18.05;18.23;19-Jun-2013
120586;17.80;17.62;17.80;20-Jun-2013
120586;17.81;17.63;17.81;21-Jun-2013
120586;17.50;17.33;17.50;24-Jun-2013
120586;17.49;17.32;17.49;25-Jun-2013
120586;17.43;17.26;17.43;26-Jun-2013
120586;17.67;17.49;17.67;27-Jun-2013
120586;18.07;17.89;18.07;28-Jun-2013
120586;18.19;18.01;18.19;01-Jul-2013
120586;18.08;17.90;18.08;02-Jul-2013
120586;17.81;17.63;17.81;03-Jul-2013
120586;18.05;17.87;18.05;04-Jul-2013
120586;18.12;17.94;18.12;05-Jul-2013
120586;18.00;17.82;18.00;08-Jul-2013
120586;18.14;17.96;18.14;09-Jul-2013
120586;18.09;17.91;18.09;10-Jul-2013
120586;18.36;18.18;18.36;11-Jul-2013
120586;18.61;18.42;18.61;12-Jul-2013
120586;18.75;18.56;18.75;15-Jul-2013
120586;18.50;18.32;18.50;16-Jul-2013
120586;18.43;18.25;18.43;17-Jul-2013
120586;18.61;18.42;18.61;18-Jul-2013
120586;18.66;18.47;18.66;19-Jul-2013
120586;18.72;18.53;18.72;22-Jul-2013
120586;18.85;18.66;18.85;23-Jul-2013
120586;18.58;18.39;18.58;24-Jul-2013
120586;18.34;18.16;18.34;25-Jul-2013
120586;18.28;18.10;18.28;26-Jul-2013
120586;18.10;17.92;18.10;29-Jul-2013
120586;17.82;17.64;17.82;30-Jul-2013
120586;17.89;17.71;17.89;31-Jul-2013
120586;17.92;17.74;17.92;01-Aug-2013
120586;17.79;17.61;17.79;02-Aug-2013
120586;17.85;17.67;17.85;05-Aug-2013
120586;17.45;17.28;17.45;06-Aug-2013
120586;17.42;17.25;17.42;07-Aug-2013
120586;17.60;17.42;17.60;08-Aug-2013
120586;17.76;17.58;17.76;12-Aug-2013
120586;18.05;17.87;18.05;13-Aug-2013
120586;18.23;18.05;18.23;14-Aug-2013
120586;17.66;17.48;17.66;16-Aug-2013
120586;17.39;17.22;17.39;19-Aug-2013
120586;17.44;17.27;17.44;20-Aug-2013
120586;17.08;16.91;17.08;21-Aug-2013
120586;17.33;17.16;17.33;22-Aug-2013
120586;17.55;17.37;17.55;23-Aug-2013
120586;17.60;17.42;17.60;26-Aug-2013
120586;17.08;16.91;17.08;27-Aug-2013
120586;17.03;16.86;17.03;28-Aug-2013
120586;17.40;17.23;17.40;29-Aug-2013
120586;17.62;17.44;17.62;30-Aug-2013
120586;17.78;17.60;17.78;02-Sep-2013
120586;17.26;17.09;17.26;03-Sep-2013
120586;17.53;17.35;17.53;04-Sep-2013
120586;17.97;17.79;17.97;05-Sep-2013
120586;18.22;18.04;18.22;06-Sep-2013
120586;18.70;18.51;18.70;10-Sep-2013
120586;18.77;18.58;18.77;11-Sep-2013
120586;18.61;18.42;18.61;12-Sep-2013
120586;18.54;18.35;18.54;13-Sep-2013
120586;18.56;18.37;18.56;16-Sep-2013
120586;18.65;18.46;18.65;17-Sep-2013
120586;18.80;18.61;18.80;18-Sep-2013
120586;19.39;19.20;19.39;19-Sep-2013
120586;19.15;18.96;19.15;20-Sep-2013
120586;18.85;18.66;18.85;23-Sep-2013
120586;18.86;18.67;18.86;24-Sep-2013
120586;18.80;18.61;18.80;25-Sep-2013
120586;18.79;18.60;18.79;26-Sep-2013
120586;18.66;18.47;18.66;27-Sep-2013
120586;18.44;18.26;18.44;30-Sep-2013
120586;18.55;18.36;18.55;01-Oct-2013
120586;18.88;18.69;18.88;03-Oct-2013
120586;18.92;18.73;18.92;04-Oct-2013
120586;18.92;18.73;18.92;07-Oct-2013
120586;19.01;18.82;19.01;08-Oct-2013
120586;19.25;19.06;19.25;09-Oct-2013
120586;19.32;19.13;19.32;10-Oct-2013
120586;19.52;19.32;19.52;11-Oct-2013
120586;19.57;19.37;19.57;14-Oct-2013
120586;19.48;19.29;19.48;15-Oct-2013
120586;19.35;19.16;19.35;17-Oct-2013
120586;19.74;19.54;19.74;18-Oct-2013
120586;19.82;19.62;19.82;21-Oct-2013
120586;19.77;19.57;19.77;22-Oct-2013
120586;19.77;19.57;19.77;23-Oct-2013
120586;19.76;19.56;19.76;24-Oct-2013
120586;19.69;19.49;19.69;25-Oct-2013
120586;19.55;19.35;19.55;28-Oct-2013
120586;19.95;19.75;19.95;29-Oct-2013
120586;20.05;19.85;20.05;30-Oct-2013
120586;20.22;20.02;20.22;31-Oct-2013
120586;20.25;20.05;20.25;01-Nov-2013
120586;20.16;19.96;20.16;05-Nov-2013
120586;20.09;19.89;20.09;06-Nov-2013
120586;19.98;19.78;19.98;07-Nov-2013
120586;19.93;19.73;19.93;08-Nov-2013
120586;19.78;19.58;19.78;11-Nov-2013
120586;19.59;19.39;19.59;12-Nov-2013
120586;19.46;19.27;19.46;13-Nov-2013
120586;19.66;19.46;19.66;14-Nov-2013
120586;20.02;19.82;20.02;18-Nov-2013
120586;20.06;19.86;20.06;19-Nov-2013
120586;19.79;19.59;19.79;20-Nov-2013
120586;19.41;19.22;19.41;21-Nov-2013
120586;19.40;19.21;19.40;22-Nov-2013
120586;19.77;19.57;19.77;25-Nov-2013
120586;19.65;19.45;19.65;26-Nov-2013
120586;19.68;19.48;19.68;27-Nov-2013
120586;19.73;19.53;19.73;28-Nov-2013
120586;20.02;19.82;20.02;29-Nov-2013
120586;20.12;19.92;20.12;02-Dec-2013
120586;20.05;19.85;20.05;03-Dec-2013
120586;19.92;19.72;19.92;04-Dec-2013
120586;20.22;20.02;20.22;05-Dec-2013
120586;20.23;20.03;20.23;06-Dec-2013
120586;20.55;20.34;20.55;09-Dec-2013
120586;20.47;20.27;20.47;10-Dec-2013
120586;20.39;20.19;20.39;11-Dec-2013
120586;20.19;19.99;20.19;12-Dec-2013
120586;20.00;19.80;20.00;13-Dec-2013
120586;20.06;19.86;20.06;16-Dec-2013
120586;20.00;19.80;20.00;17-Dec-2013
120586;20.22;20.02;20.22;18-Dec-2013
120586;20.12;19.92;20.12;19-Dec-2013
120586;20.45;20.25;20.45;20-Dec-2013
120586;20.45;20.25;20.45;23-Dec-2013
120586;20.4;20.2;20.4;24-Dec-2013
120586;20.43;20.23;20.43;26-Dec-2013
120586;20.51;20.30;20.51;27-Dec-2013
120586;20.43;20.23;20.43;30-Dec-2013
120586;20.44;20.24;20.44;31-Dec-2013
120586;20.46;20.26;20.46;01-Jan-2014
120586;20.22;20.02;20.22;02-Jan-2014
120586;20.26;20.06;20.26;03-Jan-2014
120586;20.19;19.99;20.19;06-Jan-2014
120586;20.08;19.88;20.08;07-Jan-2014
120586;20.14;19.94;20.14;08-Jan-2014
120586;20.16;19.96;20.16;09-Jan-2014
120586;20.14;19.94;20.14;10-Jan-2014
120586;20.38;20.18;20.38;13-Jan-2014
120586;20.31;20.11;20.31;14-Jan-2014
120586;20.52;20.31;20.52;15-Jan-2014
120586;20.44;20.24;20.44;16-Jan-2014
120586;20.3;20.1;20.3;17-Jan-2014
120586;20.41;20.21;20.41;20-Jan-2014
120586;20.44;20.24;20.44;21-Jan-2014
120586;20.49;20.29;20.49;22-Jan-2014
120586;20.44;20.24;20.44;23-Jan-2014
120586;20.20;20.00;20.20;24-Jan-2014
120586;19.76;19.56;19.76;27-Jan-2014
120586;19.67;19.47;19.67;28-Jan-2014
120586;19.70;19.50;19.70;29-Jan-2014
120586;19.52;19.32;19.52;30-Jan-2014
120586;19.75;19.55;19.75;31-Jan-2014
120586;19.53;19.33;19.53;03-Feb-2014
120586;19.53;19.33;19.53;04-Feb-2014
120586;19.64;19.44;19.64;05-Feb-2014
120586;19.73;19.53;19.73;06-Feb-2014
120586;19.80;19.60;19.80;07-Feb-2014
120586;19.82;19.62;19.82;10-Feb-2014
120586;19.90;19.70;19.90;11-Feb-2014
120586;20.00;19.80;20.00;12-Feb-2014
120586;19.69;19.49;19.69;13-Feb-2014
120586;19.82;19.62;19.82;14-Feb-2014
120586;19.88;19.68;19.88;17-Feb-2014
120586;20.00;19.80;20.00;18-Feb-2014
120586;20.12;19.92;20.12;19-Feb-2014
120586;19.95;19.75;19.95;20-Feb-2014
120586;20.13;19.93;20.13;21-Feb-2014
120586;20.19;19.99;20.19;24-Feb-2014
120586;20.22;20.02;20.22;25-Feb-2014
120586;20.33;20.13;20.33;26-Feb-2014
120586;20.42;20.22;20.42;28-Feb-2014
120586;20.3;20.1;20.3;03-Mar-2014
120586;20.48;20.28;20.48;04-Mar-2014
120586;20.61;20.40;20.61;05-Mar-2014
120586;20.83;20.62;20.83;06-Mar-2014
120586;21.16;20.95;21.16;07-Mar-2014
120586;21.20;20.99;21.20;10-Mar-2014
120586;21.12;20.91;21.12;11-Mar-2014
120586;21.13;20.92;21.13;12-Mar-2014
120586;21.10;20.89;21.10;13-Mar-2014
120586;21.10;20.89;21.10;14-Mar-2014
120586;21.21;21.00;21.21;18-Mar-2014
120586;21.21;21.00;21.21;19-Mar-2014
120586;21.08;20.87;21.08;20-Mar-2014
120586;21.11;20.90;21.11;21-Mar-2014
120586;21.40;21.19;21.40;24-Mar-2014
120586;21.43;21.22;21.43;25-Mar-2014
120586;21.47;21.26;21.47;26-Mar-2014
120586;21.59;21.37;21.59;27-Mar-2014
120586;21.77;21.55;21.77;28-Mar-2014
120586;21.83;21.61;21.83;31-Mar-2014
120586;21.82;21.6;21.82;01-Apr-2014
120586;21.97;21.75;21.97;02-Apr-2014
120586;21.87;21.65;21.87;03-Apr-2014
120586;21.77;21.55;21.77;04-Apr-2014
120586;21.77;21.55;21.77;07-Apr-2014
120586;22.04;21.82;22.04;09-Apr-2014
120586;22.03;21.81;22.03;10-Apr-2014
120586;22.02;21.80;22.02;11-Apr-2014
120586;21.86;21.64;21.86;15-Apr-2014
120586;21.68;21.46;21.68;16-Apr-2014
120586;21.95;21.73;21.95;17-Apr-2014
120586;22.07;21.85;22.07;21-Apr-2014
120586;22.09;21.87;22.09;22-Apr-2014
120586;22.24;22.02;22.24;23-Apr-2014
120586;22.08;21.86;22.08;25-Apr-2014
120586;22.12;21.90;22.12;28-Apr-2014
120586;21.96;21.74;21.96;29-Apr-2014
120586;21.87;21.65;21.87;30-Apr-2014
120586;21.91;21.69;21.91;02-May-2014
120586;21.92;21.70;21.92;05-May-2014
120586;21.98;21.76;21.98;06-May-2014
120586;21.83;21.61;21.83;07-May-2014
120586;21.88;21.66;21.88;08-May-2014
120586;22.50;22.28;22.50;09-May-2014
120586;22.99;22.76;22.99;12-May-2014
120586;23.25;23.02;23.25;13-May-2014
120586;23.28;23.05;23.28;14-May-2014
120586;23.29;23.06;23.29;15-May-2014
120586;23.60;23.36;23.60;16-May-2014
120586;23.90;23.66;23.90;19-May-2014
120586;24.00;23.76;24.00;20-May-2014
120586;23.94;23.70;23.94;21-May-2014
120586;24.06;23.82;24.06;22-May-2014
120586;24.41;24.17;24.41;23-May-2014
120586;24.38;24.14;24.38;26-May-2014
120586;24.32;24.08;24.32;27-May-2014
120586;24.41;24.17;24.41;28-May-2014
120586;24.10;23.86;24.10;29-May-2014
120586;24.05;23.81;24.05;30-May-2014
120586;24.58;24.33;24.58;02-Jun-2014
120586;24.76;24.51;24.76;03-Jun-2014
120586;24.81;24.56;24.81;04-Jun-2014
120586;25.05;24.80;25.05;05-Jun-2014
120586;25.42;25.17;25.42;06-Jun-2014
120586;25.63;25.37;25.63;09-Jun-2014
120586;25.57;25.31;25.57;10-Jun-2014
120586;25.48;25.23;25.48;11-Jun-2014
120586;25.61;25.35;25.61;12-Jun-2014
120586;25.24;24.99;25.24;13-Jun-2014
120586;25.22;24.97;25.22;16-Jun-2014
120586;25.56;25.30;25.56;17-Jun-2014
120586;25.41;25.16;25.41;18-Jun-2014
120586;25.27;25.02;25.27;19-Jun-2014
120586;25.16;24.91;25.16;20-Jun-2014
120586;25.12;24.87;25.12;23-Jun-2014
120586;25.38;25.13;25.38;24-Jun-2014
120586;25.30;25.05;25.30;25-Jun-2014
120586;25.10;24.85;25.10;26-Jun-2014
120586;25.22;24.97;25.22;27-Jun-2014
120586;25.54;25.28;25.54;30-Jun-2014
120586;25.74;25.48;25.74;01-Jul-2014
120586;25.99;25.73;25.99;02-Jul-2014
120586;26.00;25.74;26.00;03-Jul-2014
120586;26.20;25.94;26.20;04-Jul-2014
120586;26.19;25.93;26.19;07-Jul-2014
120586;25.57;25.31;25.57;08-Jul-2014
120586;25.44;25.19;25.44;09-Jul-2014
120586;25.43;25.18;25.43;10-Jul-2014
120586;25.03;24.78;25.03;11-Jul-2014
120586;25.03;24.78;25.03;14-Jul-2014
120586;25.37;25.12;25.37;15-Jul-2014
120586;25.79;25.53;25.79;16-Jul-2014
120586;25.88;25.62;25.88;17-Jul-2014
120586;25.96;25.70;25.96;18-Jul-2014
120586;25.93;25.67;25.93;21-Jul-2014
120586;26.09;25.83;26.09;22-Jul-2014
120586;26.07;25.81;26.07;23-Jul-2014
120586;26.16;25.90;26.16;24-Jul-2014
120586;25.94;25.68;25.94;25-Jul-2014
120586;25.85;25.59;25.85;28-Jul-2014
120586;26.06;25.80;26.06;30-Jul-2014
120586;25.89;25.63;25.89;31-Jul-2014
120586;25.61;25.35;25.61;01-Aug-2014
120586;25.87;25.61;25.87;04-Aug-2014
120586;26.04;25.78;26.04;05-Aug-2014
120586;25.81;25.55;25.81;06-Aug-2014
120586;25.77;25.51;25.77;07-Aug-2014
120586;25.52;25.26;25.52;08-Aug-2014
120586;25.67;25.41;25.67;11-Aug-2014
120586;25.87;25.61;25.87;12-Aug-2014
120586;25.85;25.59;25.85;13-Aug-2014
120586;26.03;25.77;26.03;14-Aug-2014
120586;26.34;26.08;26.34;18-Aug-2014
120586;26.50;26.24;26.50;19-Aug-2014
120586;26.45;26.19;26.45;20-Aug-2014
120586;26.55;26.28;26.55;21-Aug-2014
120586;26.68;26.41;26.68;22-Aug-2014
120586;26.66;26.39;26.66;25-Aug-2014
120586;26.67;26.40;26.67;26-Aug-2014
120586;26.81;26.54;26.81;27-Aug-2014
120586;26.9;26.63;26.9;28-Aug-2014
120586;27.26;26.99;27.26;01-Sep-2014
120586;27.52;27.24;27.52;02-Sep-2014
120586;27.57;27.29;27.57;03-Sep-2014
120586;27.49;27.22;27.49;04-Sep-2014
120586;27.42;27.15;27.42;05-Sep-2014
120586;27.68;27.40;27.68;08-Sep-2014
120586;27.66;27.38;27.66;09-Sep-2014
120586;27.54;27.26;27.54;10-Sep-2014
120586;27.72;27.44;27.72;11-Sep-2014
120586;27.79;27.51;27.79;12-Sep-2014
120586;27.71;27.43;27.71;15-Sep-2014
120586;27.23;26.96;27.23;16-Sep-2014
120586;27.39;27.12;27.39;17-Sep-2014
120586;27.81;27.53;27.81;18-Sep-2014
120586;27.80;27.52;27.80;19-Sep-2014
120586;27.85;27.57;27.85;22-Sep-2014
120586;27.46;27.19;27.46;23-Sep-2014
120586;27.41;27.14;27.41;24-Sep-2014
120586;27.07;26.80;27.07;25-Sep-2014
120586;27.26;26.99;27.26;26-Sep-2014
120586;27.23;26.96;27.23;29-Sep-2014
120586;27.23;26.96;27.23;30-Sep-2014
120586;27.15;26.88;27.15;01-Oct-2014
120586;26.88;26.61;26.88;07-Oct-2014
120586;26.84;26.57;26.84;08-Oct-2014
120586;27.16;26.89;27.16;09-Oct-2014
120586;26.84;26.57;26.84;10-Oct-2014
120586;27.02;26.75;27.02;13-Oct-2014
120586;26.96;26.69;26.96;14-Oct-2014
120586;26.51;26.24;26.51;16-Oct-2014
120586;26.73;26.46;26.73;17-Oct-2014
120586;27.16;26.89;27.16;20-Oct-2014
120586;27.40;27.13;27.40;21-Oct-2014
120586;27.61;27.33;27.61;22-Oct-2014
120586;27.68;27.40;27.68;27-Oct-2014
120586;27.80;27.52;27.80;28-Oct-2014
120586;27.97;27.69;27.97;29-Oct-2014
120586;28.26;27.98;28.26;30-Oct-2014
120586;28.73;28.44;28.73;31-Oct-2014
120586;28.71;28.42;28.71;03-Nov-2014
120586;28.72;28.43;28.72;05-Nov-2014
120586;28.70;28.41;28.70;07-Nov-2014
120586;28.68;28.39;28.68;10-Nov-2014
120586;28.79;28.50;28.79;11-Nov-2014
120586;28.89;28.60;28.89;12-Nov-2014
120586;28.76;28.47;28.76;13-Nov-2014
120586;28.91;28.62;28.91;14-Nov-2014
120586;29.03;28.74;29.03;17-Nov-2014
120586;29.18;28.89;29.18;18-Nov-2014
120586;29.03;28.74;29.03;19-Nov-2014
120586;29.09;28.80;29.09;20-Nov-2014
120586;29.32;29.03;29.32;21-Nov-2014
120586;29.49;29.20;29.49;24-Nov-2014
120586;29.21;28.92;29.21;25-Nov-2014
120586;29.31;29.02;29.31;26-Nov-2014
120586;29.41;29.12;29.41;27-Nov-2014
120586;29.74;29.44;29.74;28-Nov-2014
120586;29.60;29.30;29.60;01-Dec-2014
120586;29.61;29.31;29.61;02-Dec-2014
120586;29.79;29.49;29.79;03-Dec-2014
120586;29.86;29.56;29.86;04-Dec-2014
120586;29.71;29.41;29.71;05-Dec-2014
120586;29.44;29.15;29.44;08-Dec-2014
120586;29.11;28.82;29.11;09-Dec-2014
120586;29.21;28.92;29.21;10-Dec-2014
120586;28.93;28.64;28.93;11-Dec-2014
120586;28.71;28.42;28.71;12-Dec-2014
120586;28.66;28.37;28.66;15-Dec-2014
120586;28.16;27.88;28.16;16-Dec-2014
120586;28.03;27.75;28.03;17-Dec-2014
120586;28.58;28.29;28.58;18-Dec-2014
120586;28.85;28.56;28.85;19-Dec-2014
120586;29.15;28.86;29.15;22-Dec-2014
120586;28.94;28.65;28.94;23-Dec-2014
120586;28.66;28.37;28.66;24-Dec-2014
120586;28.74;28.45;28.74;26-Dec-2014
120586;28.92;28.63;28.92;29-Dec-2014
120586;28.96;28.67;28.96;30-Dec-2014
120586;29.06;28.77;29.06;31-Dec-2014
120586;29.08;28.79;29.08;01-Jan-2015
120586;29.37;29.08;29.37;02-Jan-2015
120586;29.32;29.03;29.32;05-Jan-2015
120586;28.47;28.19;28.47;06-Jan-2015
120586;28.38;28.10;28.38;07-Jan-2015
120586;28.83;28.54;28.83;08-Jan-2015
120586;28.98;28.69;28.98;09-Jan-2015
120586;29.16;28.87;29.16;12-Jan-2015
120586;29.11;28.82;29.11;13-Jan-2015
120586;28.95;28.66;28.95;14-Jan-2015
120586;29.63;29.33;29.63;15-Jan-2015
120586;29.74;29.44;29.74;16-Jan-2015
120586;29.98;29.68;29.98;19-Jan-2015
120586;30.39;30.09;30.39;20-Jan-2015
120586;30.45;30.15;30.45;21-Jan-2015
120586;30.6;30.29;30.6;22-Jan-2015
120586;30.84;30.53;30.84;23-Jan-2015
120586;31.12;30.81;31.12;27-Jan-2015
120586;31.20;30.89;31.20;28-Jan-2015
120586;31.29;30.98;31.29;29-Jan-2015
120586;30.86;30.55;30.86;30-Jan-2015
120586;30.81;30.50;30.81;02-Feb-2015
120586;30.59;30.28;30.59;03-Feb-2015
120586;30.47;30.17;30.47;04-Feb-2015
120586;30.39;30.09;30.39;05-Feb-2015
120586;30.15;29.85;30.15;06-Feb-2015
120586;29.76;29.46;29.76;09-Feb-2015
120586;30.01;29.71;30.01;10-Feb-2015
120586;30.24;29.94;30.24;11-Feb-2015
120586;30.65;30.34;30.65;12-Feb-2015
120586;30.94;30.63;30.94;13-Feb-2015
120586;30.84;30.53;30.84;16-Feb-2015
120586;31.03;30.72;31.03;18-Feb-2015
120586;31.07;30.76;31.07;19-Feb-2015
120586;30.90;30.59;30.90;20-Feb-2015
120586;30.62;30.31;30.62;23-Feb-2015
120586;30.56;30.25;30.56;24-Feb-2015
120586;30.61;30.30;30.61;25-Feb-2015
120586;30.31;30.01;30.31;26-Feb-2015
120586;30.89;30.58;30.89;27-Feb-2015
120586;31.47;31.16;31.47;02-Mar-2015
120586;31.56;31.24;31.56;03-Mar-2015
120586;31.27;30.96;31.27;04-Mar-2015
120586;31.40;31.09;31.40;05-Mar-2015
120586;30.76;30.45;30.76;09-Mar-2015
120586;30.73;30.42;30.73;10-Mar-2015
120586;30.74;30.43;30.74;11-Mar-2015
120586;31.01;30.70;31.01;12-Mar-2015
120586;30.63;30.32;30.63;13-Mar-2015
120586;30.57;30.26;30.57;16-Mar-2015
120586;30.88;30.57;30.88;17-Mar-2015
120586;30.77;30.46;30.77;18-Mar-2015
120586;30.53;30.22;30.53;19-Mar-2015
120586;30.29;29.99;30.29;20-Mar-2015
120586;30.10;29.80;30.10;23-Mar-2015
120586;30.03;29.73;30.03;24-Mar-2015
120586;30.04;29.74;30.04;25-Mar-2015
120586;29.48;29.19;29.48;26-Mar-2015
120586;29.51;29.21;29.51;27-Mar-2015
120586;30.00;29.70;30.00;30-Mar-2015
120586;29.99;29.69;29.99;31-Mar-2015
120586;30.27;29.97;30.27;01-Apr-2015
120586;30.41;30.11;30.41;06-Apr-2015
120586;30.44;30.14;30.44;07-Apr-2015
120586;30.69;30.38;30.69;08-Apr-2015
120586;30.92;30.61;30.92;09-Apr-2015
120586;30.98;30.67;30.98;10-Apr-2015
120586;31.05;30.74;31.05;13-Apr-2015
120586;30.77;30.46;30.77;15-Apr-2015
120586;30.67;30.36;30.67;16-Apr-2015
120586;30.37;30.07;30.37;17-Apr-2015
120586;29.79;29.49;29.79;20-Apr-2015
120586;29.60;29.30;29.60;21-Apr-2015
120586;29.63;29.33;29.63;22-Apr-2015
120586;29.51;29.21;29.51;23-Apr-2015
120586;29.10;28.81;29.10;24-Apr-2015
120586;28.80;28.51;28.80;27-Apr-2015
120586;29.21;28.92;29.21;28-Apr-2015
120586;29.22;28.93;29.22;29-Apr-2015
120586;29.12;28.83;29.12;30-Apr-2015
120586;29.62;29.32;29.62;04-May-2015
120586;29.57;29.27;29.57;05-May-2015
120586;28.76;28.47;28.76;06-May-2015
120586;28.46;28.18;28.46;07-May-2015
120586;28.91;28.62;28.91;08-May-2015
120586;29.40;29.11;29.40;11-May-2015
120586;28.73;28.44;28.73;12-May-2015
120586;29.25;28.96;29.25;13-May-2015
120586;29.27;28.98;29.27;14-May-2015
120586;29.36;29.07;29.36;15-May-2015
120586;29.71;29.41;29.71;18-May-2015
120586;29.70;29.40;29.70;19-May-2015
120586;29.83;29.53;29.83;20-May-2015
120586;29.84;29.54;29.84;21-May-2015
120586;29.91;29.61;29.91;22-May-2015
120586;29.74;29.44;29.74;25-May-2015
120586;29.62;29.32;29.62;26-May-2015
120586;29.54;29.24;29.54;27-May-2015
120586;29.48;29.19;29.48;28-May-2015
120586;29.93;29.63;29.93;29-May-2015
120586;29.88;29.58;29.88;01-Jun-2015
120586;29.26;28.97;29.26;02-Jun-2015
120586;28.98;28.69;28.98;03-Jun-2015
120586;29.04;28.75;29.04;04-Jun-2015
120586;28.94;28.65;28.94;05-Jun-2015
120586;28.69;28.40;28.69;08-Jun-2015
120586;28.68;28.39;28.68;09-Jun-2015
120586;29.07;28.78;29.07;10-Jun-2015
120586;28.52;28.23;28.52;11-Jun-2015
120586;28.56;28.27;28.56;12-Jun-2015
120586;28.64;28.35;28.64;15-Jun-2015
120586;28.76;28.47;28.76;16-Jun-2015
120586;28.87;28.58;28.87;17-Jun-2015
120586;29.13;28.84;29.13;18-Jun-2015
120586;29.31;29.02;29.31;19-Jun-2015
120586;29.69;29.39;29.69;22-Jun-2015
120586;29.76;29.46;29.76;23-Jun-2015
120586;29.66;29.36;29.66;24-Jun-2015
120586;29.75;29.45;29.75;25-Jun-2015
120586;29.71;29.41;29.71;26-Jun-2015
120586;29.43;29.14;29.43;29-Jun-2015
120586;29.56;29.26;29.56;30-Jun-2015
120586;29.92;29.62;29.92;01-Jul-2015
120586;29.94;29.64;29.94;02-Jul-2015
120586;30.09;29.79;30.09;03-Jul-2015
120586;30.27;29.97;30.27;06-Jul-2015
120586;30.26;29.96;30.26;07-Jul-2015
120586;29.82;29.52;29.82;08-Jul-2015
120586;29.74;29.44;29.74;09-Jul-2015
120586;29.89;29.59;29.89;10-Jul-2015
120586;30.21;29.91;30.21;13-Jul-2015
120586;30.19;29.89;30.19;14-Jul-2015
120586;30.40;30.10;30.40;15-Jul-2015
120586;30.66;30.35;30.66;16-Jul-2015
120586;30.74;30.43;30.74;17-Jul-2015
120586;30.73;30.42;30.73;20-Jul-2015
120586;30.58;30.27;30.58;21-Jul-2015
120586;30.89;30.58;30.89;22-Jul-2015
120586;30.90;30.59;30.90;23-Jul-2015
120586;30.63;30.32;30.63;24-Jul-2015
120586;30.05;29.75;30.05;27-Jul-2015
120586;30.02;29.72;30.02;28-Jul-2015
120586;30.21;29.91;30.21;29-Jul-2015
120586;30.46;30.16;30.46;30-Jul-2015
120586;30.84;30.53;30.84;31-Jul-2015
120586;30.91;30.60;30.91;03-Aug-2015
120586;30.97;30.66;30.97;04-Aug-2015
120586;31.17;30.86;31.17;05-Aug-2015
120586;31.13;30.82;31.13;06-Aug-2015
120586;31.09;30.78;31.09;07-Aug-2015
120586;30.95;30.64;30.95;10-Aug-2015
120586;30.81;30.50;30.81;11-Aug-2015
120586;30.41;30.11;30.41;12-Aug-2015
120586;30.42;30.12;30.42;13-Aug-2015
120586;30.95;30.64;30.95;14-Aug-2015
120586;30.77;30.46;30.77;17-Aug-2015
120586;30.8;30.49;30.8;18-Aug-2015
120586;30.89;30.58;30.89;19-Aug-2015
120586;30.45;30.15;30.45;20-Aug-2015
120586;30.22;29.92;30.22;21-Aug-2015
120586;28.37;28.09;28.37;24-Aug-2015
120586;28.64;28.35;28.64;25-Aug-2015
120586;28.36;28.08;28.36;26-Aug-2015
120586;28.94;28.65;28.94;27-Aug-2015
120586;29.16;28.87;29.16;28-Aug-2015
120586;29.05;28.76;29.05;31-Aug-2015
120586;28.37;28.09;28.37;01-Sep-2015
120586;28.15;27.87;28.15;02-Sep-2015
120586;28.59;28.30;28.59;03-Sep-2015
120586;27.99;27.71;27.99;04-Sep-2015
120586;27.57;27.29;27.57;07-Sep-2015
120586;28.03;27.75;28.03;08-Sep-2015
120586;28.51;28.22;28.51;09-Sep-2015
120586;28.38;28.10;28.38;10-Sep-2015
120586;28.36;28.08;28.36;11-Sep-2015
120586;28.75;28.46;28.75;14-Sep-2015
120586;28.60;28.31;28.60;15-Sep-2015
120586;28.77;28.48;28.77;16-Sep-2015
120586;29.11;28.82;29.11;18-Sep-2015
120586;29.06;28.77;29.06;21-Sep-2015
120586;28.51;28.22;28.51;22-Sep-2015
120586;28.64;28.35;28.64;23-Sep-2015
120586;28.73;28.44;28.73;24-Sep-2015
120586;28.47;28.19;28.47;28-Sep-2015
120586;28.62;28.33;28.62;29-Sep-2015
120586;28.92;28.63;28.92;30-Sep-2015
120586;28.81;28.52;28.81;01-Oct-2015
120586;29.38;29.09;29.38;05-Oct-2015
120586;29.43;29.14;29.43;06-Oct-2015
120586;29.49;29.20;29.49;07-Oct-2015
120586;29.29;29.00;29.29;08-Oct-2015
120586;29.49;29.20;29.49;09-Oct-2015
120586;29.39;29.10;29.39;12-Oct-2015
120586;29.34;29.05;29.34;13-Oct-2015
120586;29.28;28.99;29.28;14-Oct-2015
120586;29.46;29.17;29.46;15-Oct-2015
120586;29.72;29.42;29.72;16-Oct-2015
120586;29.85;29.55;29.85;19-Oct-2015
120586;29.85;29.55;29.85;20-Oct-2015
120586;29.82;29.52;29.82;21-Oct-2015
120586;29.92;29.62;29.92;23-Oct-2015
120586;29.90;29.60;29.90;26-Oct-2015
120586;29.89;29.59;29.89;27-Oct-2015
120586;29.66;29.36;29.66;28-Oct-2015
120586;29.48;29.19;29.48;29-Oct-2015
120586;29.42;29.13;29.42;30-Oct-2015
120586;29.46;29.17;29.46;02-Nov-2015
120586;29.53;29.23;29.53;03-Nov-2015
120586;29.44;29.15;29.44;04-Nov-2015
120586;29.19;28.90;29.19;05-Nov-2015
120586;29.23;28.94;29.23;06-Nov-2015
120586;29.21;28.92;29.21;09-Nov-2015
120586;28.74;28.45;28.74;10-Nov-2015
120586;28.79;28.50;28.79;13-Nov-2015
120586;28.90;28.61;28.90;16-Nov-2015
120586;28.97;28.68;28.97;17-Nov-2015
120586;28.66;28.37;28.66;18-Nov-2015
120586;29.09;28.80;29.09;19-Nov-2015
120586;29.16;28.87;29.16;20-Nov-2015
120586;29.14;28.85;29.14;23-Nov-2015
120586;29.08;28.79;29.08;24-Nov-2015
120586;29.26;28.97;29.26;26-Nov-2015
120586;29.45;29.16;29.45;27-Nov-2015
120586;29.45;29.16;29.45;30-Nov-2015
120586;29.51;29.21;29.51;01-Dec-2015
120586;29.41;29.12;29.41;02-Dec-2015
120586;29.22;28.93;29.22;03-Dec-2015
120586;28.94;28.65;28.94;04-Dec-2015
120586;28.89;28.60;28.89;07-Dec-2015
120586;28.64;28.35;28.64;08-Dec-2015
120586;28.31;28.03;28.31;09-Dec-2015
120586;28.58;28.29;28.58;10-Dec-2015
120586;28.26;27.98;28.26;11-Dec-2015
120586;28.34;28.06;28.34;14-Dec-2015
120586;28.44;28.16;28.44;15-Dec-2015
120586;28.63;28.34;28.63;16-Dec-2015
120586;28.93;28.64;28.93;17-Dec-2015
120586;28.69;28.40;28.69;18-Dec-2015
120586;28.97;28.68;28.97;21-Dec-2015
120586;28.83;28.54;28.83;22-Dec-2015
120586;29.08;28.79;29.08;23-Dec-2015
120586;29.05;28.76;29.05;24-Dec-2015
120586;29.25;28.96;29.25;28-Dec-2015
120586;29.26;28.97;29.26;29-Dec-2015
120586;29.15;28.86;29.15;30-Dec-2015
120586;29.29;29.00;29.29;31-Dec-2015
120586;29.4;29.11;29.4;01-Jan-2016
120586;28.81;28.52;28.81;04-Jan-2016
120586;28.79;28.50;28.79;05-Jan-2016
120586;28.62;28.33;28.62;06-Jan-2016
120586;28.01;27.73;28.01;07-Jan-2016
120586;28.21;27.93;28.21;08-Jan-2016
120586;28.01;27.73;28.01;11-Jan-2016
120586;27.82;27.54;27.82;12-Jan-2016
120586;28.00;27.72;28.00;13-Jan-2016
120586;27.86;27.58;27.86;14-Jan-2016
120586;27.47;27.20;27.47;15-Jan-2016
120586;27.11;26.84;27.11;18-Jan-2016
120586;27.41;27.14;27.41;19-Jan-2016
120586;27.05;26.78;27.05;20-Jan-2016
120586;27.01;26.74;27.01;21-Jan-2016
120586;27.50;27.23;27.50;22-Jan-2016
120586;27.55;27.27;27.55;25-Jan-2016
120586;27.57;27.29;27.57;27-Jan-2016
120586;27.47;27.20;27.47;28-Jan-2016
120586;27.84;27.56;27.84;29-Jan-2016
120586;27.82;27.54;27.82;01-Feb-2016
120586;27.38;27.11;27.38;02-Feb-2016
120586;27.02;26.75;27.02;03-Feb-2016
120586;27.20;26.93;27.20;04-Feb-2016
120586;27.58;27.30;27.58;05-Feb-2016
120586;27.25;26.98;27.25;08-Feb-2016
120586;26.79;26.52;26.79;09-Feb-2016
120586;26.50;26.24;26.50;10-Feb-2016
120586;25.69;25.43;25.69;11-Feb-2016
120586;25.61;25.35;25.61;12-Feb-2016
120586;26.35;26.09;26.35;15-Feb-2016
120586;25.89;25.63;25.89;16-Feb-2016
120586;26.00;25.74;26.00;17-Feb-2016
120586;26.29;26.03;26.29;18-Feb-2016
120586;26.37;26.11;26.37;19-Feb-2016
120586;26.39;26.13;26.39;22-Feb-2016
120586;25.92;25.66;25.92;23-Feb-2016
120586;25.66;25.40;25.66;24-Feb-2016
120586;25.42;25.17;25.42;25-Feb-2016
120586;25.65;25.39;25.65;26-Feb-2016
120586;25.55;25.29;25.55;29-Feb-2016
120586;26.34;26.08;26.34;01-Mar-2016
120586;26.89;26.62;26.89;02-Mar-2016
120586;27.17;26.90;27.17;03-Mar-2016
120586;27.28;27.01;27.28;04-Mar-2016
120586;27.22;26.95;27.22;08-Mar-2016
120586;27.38;27.11;27.38;09-Mar-2016
120586;27.17;26.90;27.17;10-Mar-2016
120586;27.18;26.91;27.18;11-Mar-2016
120586;27.36;27.09;27.36;14-Mar-2016
120586;27.21;26.94;27.21;15-Mar-2016
120586;27.35;27.08;27.35;16-Mar-2016
120586;27.47;27.20;27.47;17-Mar-2016
120586;27.74;27.46;27.74;18-Mar-2016
120586;28.07;27.79;28.07;21-Mar-2016
120586;28.07;27.79;28.07;22-Mar-2016
120586;28.09;27.81;28.09;23-Mar-2016
120586;27.73;27.45;27.73;28-Mar-2016
120586;27.66;27.38;27.66;29-Mar-2016
120586;28.23;27.95;28.23;30-Mar-2016
120586;28.28;28.00;28.28;31-Mar-2016
120586;28.26;27.98;28.26;01-Apr-2016
120586;28.44;28.16;28.44;04-Apr-2016
120586;27.87;27.59;27.87;05-Apr-2016
120586;27.86;27.58;27.86;06-Apr-2016
120586;27.72;27.44;27.72;07-Apr-2016
120586;27.81;27.53;27.81;08-Apr-2016
120586;28.18;27.90;28.18;11-Apr-2016
120586;28.30;28.02;28.30;12-Apr-2016
120586;28.82;28.53;28.82;13-Apr-2016
120586;29.09;28.80;29.09;18-Apr-2016
120586;29.22;28.93;29.22;20-Apr-2016
120586;29.24;28.95;29.24;21-Apr-2016
120586;29.28;28.99;29.28;22-Apr-2016
120586;29.17;28.88;29.17;25-Apr-2016
120586;29.53;29.23;29.53;26-Apr-2016
120586;29.53;29.23;29.53;27-Apr-2016
120586;29.14;28.85;29.14;28-Apr-2016
120586;29.19;28.90;29.19;29-Apr-2016
120586;29.10;28.81;29.10;02-May-2016
120586;28.89;28.60;28.89;03-May-2016
120586;28.65;28.36;28.65;04-May-2016
120586;28.73;28.44;28.73;05-May-2016
120586;28.70;28.41;28.70;06-May-2016
120586;29.10;28.81;29.10;09-May-2016
120586;29.16;28.87;29.16;10-May-2016
120586;29.07;28.78;29.07;11-May-2016
120586;29.27;28.98;29.27;12-May-2016
120586;29.06;28.77;29.06;13-May-2016
120586;29.08;28.79;29.08;16-May-2016
120586;29.20;28.91;29.20;17-May-2016
120586;29.13;28.84;29.13;18-May-2016
120586;28.86;28.57;28.86;19-May-2016
120586;28.67;28.38;28.67;20-May-2016
120586;28.62;28.33;28.62;23-May-2016
120586;28.63;28.34;28.63;24-May-2016
120586;29.25;28.96;29.25;25-May-2016
120586;29.68;29.38;29.68;26-May-2016
120586;29.94;29.64;29.94;27-May-2016
120586;30.09;29.79;30.09;30-May-2016
120586;30.06;29.76;30.06;31-May-2016
120586;30.01;29.71;30.01;01-Jun-2016
120586;30.16;29.86;30.16;02-Jun-2016
120586;30.23;29.93;30.23;03-Jun-2016
120586;30.16;29.86;30.16;06-Jun-2016
120586;30.36;30.06;30.36;07-Jun-2016
120586;30.43;30.13;30.43;08-Jun-2016
120586;30.35;30.05;30.35;09-Jun-2016
120586;30.26;29.96;30.26;10-Jun-2016
120586;30.01;29.71;30.01;13-Jun-2016
120586;30.11;29.81;30.11;14-Jun-2016
120586;30.49;30.19;30.49;15-Jun-2016
120586;30.32;30.02;30.32;16-Jun-2016
120586;30.41;30.11;30.41;17-Jun-2016
120586;30.59;30.28;30.59;20-Jun-2016
120586;30.51;30.20;30.51;21-Jun-2016
120586;30.48;30.18;30.48;22-Jun-2016
120586;30.7;30.39;30.7;23-Jun-2016
120586;30.12;29.82;30.12;24-Jun-2016
120586;30.26;29.96;30.26;27-Jun-2016
120586;30.37;30.07;30.37;28-Jun-2016
120586;30.69;30.38;30.69;29-Jun-2016
120586;31.07;30.76;31.07;30-Jun-2016
120586;31.30;30.99;31.30;01-Jul-2016
120586;31.50;31.19;31.50;04-Jul-2016
120586;31.34;31.03;31.34;05-Jul-2016
120586;31.36;31.05;31.36;07-Jul-2016
120586;31.32;31.01;31.32;08-Jul-2016
120586;31.82;31.50;31.82;11-Jul-2016
120586;32.09;31.77;32.09;12-Jul-2016
120586;31.97;31.65;31.97;13-Jul-2016
120586;32.21;31.89;32.21;14-Jul-2016
120586;32.18;31.86;32.18;15-Jul-2016
120586;32.11;31.79;32.11;18-Jul-2016
120586;32.21;31.89;32.21;19-Jul-2016
120586;32.36;32.04;32.36;20-Jul-2016
120586;32.16;31.84;32.16;21-Jul-2016
120586;32.23;31.91;32.23;22-Jul-2016
120586;32.59;32.26;32.59;25-Jul-2016
120586;32.52;32.19;32.52;26-Jul-2016
120586;32.61;32.28;32.61;27-Jul-2016
120586;32.75;32.42;32.75;28-Jul-2016
120586;32.69;32.36;32.69;29-Jul-2016
120586;32.71;32.38;32.71;01-Aug-2016
120586;32.63;32.30;32.63;02-Aug-2016
120586;32.34;32.02;32.34;03-Aug-2016
120586;32.37;32.05;32.37;04-Aug-2016
120586;32.82;32.49;32.82;05-Aug-2016
120586;32.89;32.56;32.89;08-Aug-2016
120586;32.78;32.45;32.78;09-Aug-2016
120586;32.33;32.01;32.33;10-Aug-2016
120586;32.37;32.05;32.37;11-Aug-2016
120586;32.62;32.29;32.62;12-Aug-2016
120586;32.63;32.30;32.63;16-Aug-2016
120586;32.64;32.31;32.64;17-Aug-2016
120586;32.86;32.53;32.86;18-Aug-2016
120586;32.87;32.54;32.87;19-Aug-2016
120586;32.73;32.40;32.73;22-Aug-2016
120586;32.68;32.35;32.68;23-Aug-2016
120586;32.80;32.47;32.80;24-Aug-2016
120586;32.64;32.31;32.64;25-Aug-2016
120586;32.59;32.26;32.59;26-Aug-2016
120586;32.67;32.34;32.67;29-Aug-2016
120586;33.12;32.79;33.12;30-Aug-2016
120586;33.34;33.01;33.34;31-Aug-2016
120586;33.32;32.99;33.32;01-Sep-2016
120586;33.41;33.08;33.41;02-Sep-2016
120586;33.97;33.63;33.97;06-Sep-2016
120586;34.02;33.68;34.02;07-Sep-2016
120586;34.19;33.85;34.19;08-Sep-2016
120586;33.85;33.51;33.85;09-Sep-2016
120586;33.24;32.91;33.24;12-Sep-2016
120586;33.31;32.98;33.31;14-Sep-2016
120586;33.34;33.01;33.34;15-Sep-2016
120586;33.45;33.12;33.45;16-Sep-2016
120586;33.56;33.22;33.56;19-Sep-2016
120586;33.60;33.26;33.60;20-Sep-2016
120586;33.61;33.27;33.61;21-Sep-2016
120586;33.99;33.65;33.99;22-Sep-2016
120586;33.85;33.51;33.85;23-Sep-2016
120586;33.50;33.17;33.50;26-Sep-2016
120586;33.43;33.10;33.43;27-Sep-2016
120586;33.51;33.17;33.51;28-Sep-2016
120586;32.80;32.47;32.80;29-Sep-2016
120586;32.92;32.59;32.92;30-Sep-2016
120586;33.47;33.14;33.47;03-Oct-2016
120586;33.59;33.25;33.59;04-Oct-2016
120586;33.51;33.17;33.51;05-Oct-2016
120586;33.36;33.03;33.36;06-Oct-2016
120586;33.34;33.01;33.34;07-Oct-2016
120586;33.36;33.03;33.36;10-Oct-2016
120586;32.89;32.56;32.89;13-Oct-2016
120586;32.97;32.64;32.97;14-Oct-2016
120586;32.84;32.51;32.84;17-Oct-2016
120586;33.46;33.13;33.46;18-Oct-2016
120586;33.45;33.12;33.45;19-Oct-2016
120586;33.57;33.23;33.57;20-Oct-2016
120586;33.59;33.25;33.59;21-Oct-2016
120586;33.61;33.27;33.61;24-Oct-2016
120586;33.59;33.25;33.59;25-Oct-2016
120586;33.32;32.99;33.32;26-Oct-2016
120586;33.22;32.89;33.22;27-Oct-2016
120586;33.36;33.03;33.36;28-Oct-2016
120586;33.35;33.02;33.35;01-Nov-2016
120586;32.92;32.59;32.92;02-Nov-2016
120586;32.76;32.43;32.76;03-Nov-2016
120586;32.49;32.17;32.49;04-Nov-2016
120586;32.80;32.47;32.80;07-Nov-2016
120586;32.88;32.55;32.88;08-Nov-2016
120586;32.57;32.24;32.57;09-Nov-2016
120586;33.21;32.88;33.21;10-Nov-2016
120586;32.37;32.05;32.37;11-Nov-2016
120586;31.67;31.35;31.67;15-Nov-2016
120586;31.69;31.37;31.69;16-Nov-2016
120586;31.63;31.31;31.63;17-Nov-2016
120586;31.58;31.26;31.58;18-Nov-2016
120586;30.99;30.68;30.99;21-Nov-2016
120586;31.22;30.91;31.22;22-Nov-2016
120586;31.4;31.09;31.4;23-Nov-2016
120586;31.18;30.87;31.18;24-Nov-2016
120586;31.74;31.42;31.74;25-Nov-2016
120586;31.76;31.44;31.76;28-Nov-2016
120586;31.81;31.49;31.81;29-Nov-2016
120586;32.15;31.83;32.15;30-Nov-2016
120586;31.97;31.65;31.97;01-Dec-2016
120586;31.66;31.34;31.66;02-Dec-2016
120586;31.88;31.56;31.88;05-Dec-2016
120586;31.85;31.53;31.85;06-Dec-2016
120586;31.66;31.34;31.66;07-Dec-2016
120586;32.18;31.86;32.18;08-Dec-2016
120586;32.26;31.94;32.26;09-Dec-2016
120586;31.93;31.61;31.93;12-Dec-2016
120586;32.08;31.76;32.08;13-Dec-2016
120586;31.85;31.53;31.85;14-Dec-2016
120586;31.72;31.40;31.72;15-Dec-2016
120586;31.71;31.39;31.71;16-Dec-2016
120586;31.59;31.27;31.59;19-Dec-2016
120586;31.47;31.16;31.47;20-Dec-2016
120586;31.43;31.12;31.43;21-Dec-2016
120586;31.08;30.77;31.08;22-Dec-2016
120586;31.12;30.81;31.12;23-Dec-2016
120586;30.77;30.46;30.77;26-Dec-2016
120586;31.22;30.91;31.22;27-Dec-2016
120586;31.28;30.97;31.28;28-Dec-2016
120586;31.60;31.28;31.60;29-Dec-2016
120586;31.87;31.55;31.87;30-Dec-2016
120586;31.91;31.59;31.91;02-Jan-2017
120586;32.05;31.73;32.05;03-Jan-2017
120586;31.99;31.67;31.99;04-Jan-2017
120586;32.34;32.02;32.34;05-Jan-2017
120586;32.21;31.89;32.21;06-Jan-2017
120586;32.22;31.90;32.22;09-Jan-2017
120586;32.37;32.05;32.37;10-Jan-2017
120586;32.76;32.43;32.76;11-Jan-2017
120586;32.93;32.60;32.93;12-Jan-2017
120586;32.89;32.56;32.89;13-Jan-2017
120586;32.94;32.61;32.94;16-Jan-2017
120586;32.90;32.57;32.90;17-Jan-2017
120586;32.98;32.65;32.98;18-Jan-2017
120586;33.07;32.74;33.07;19-Jan-2017
120586;32.70;32.37;32.70;20-Jan-2017
120586;32.82;32.49;32.82;23-Jan-2017
120586;33.09;32.76;33.09;24-Jan-2017
120586;33.36;33.03;33.36;25-Jan-2017
120586;33.60;33.26;33.60;27-Jan-2017
120586;33.63;33.29;33.63;30-Jan-2017
120586;33.30;32.97;33.30;31-Jan-2017
120586;33.84;33.50;33.84;01-Feb-2017
120586;34.07;33.73;34.07;02-Feb-2017
120586;34.17;33.83;34.17;03-Feb-2017
120586;34.52;34.17;34.52;06-Feb-2017
120586;34.35;34.01;34.35;07-Feb-2017
120586;34.38;34.04;34.38;08-Feb-2017
120586;34.35;34.01;34.35;09-Feb-2017
120586;34.43;34.09;34.43;10-Feb-2017
120586;34.45;34.11;34.45;13-Feb-2017
120586;34.37;34.03;34.37;14-Feb-2017
120586;34.06;33.72;34.06;15-Feb-2017
120586;34.37;34.03;34.37;16-Feb-2017
120586;34.60;34.25;34.60;17-Feb-2017
120586;34.79;34.44;34.79;20-Feb-2017
120586;34.91;34.56;34.91;21-Feb-2017
120586;34.93;34.58;34.93;22-Feb-2017
120586;34.96;34.61;34.96;23-Feb-2017
120586;34.78;34.43;34.78;27-Feb-2017
120586;34.76;34.41;34.76;28-Feb-2017
120586;34.94;34.59;34.94;01-Mar-2017
120586;34.68;34.33;34.68;02-Mar-2017
120586;34.68;34.33;34.68;03-Mar-2017
120586;34.89;34.54;34.89;06-Mar-2017
120586;34.78;34.43;34.78;07-Mar-2017
120586;34.69;34.34;34.69;08-Mar-2017
120586;34.69;34.34;34.69;09-Mar-2017
120586;34.69;34.34;34.69;10-Mar-2017
120586;35.28;34.93;35.28;14-Mar-2017
120586;35.26;34.91;35.26;15-Mar-2017
120586;35.54;35.18;35.54;16-Mar-2017
120586;35.49;35.14;35.49;17-Mar-2017
120586;35.37;35.02;35.37;20-Mar-2017
120586;35.35;35.00;35.35;21-Mar-2017
120586;35.05;34.70;35.05;22-Mar-2017
120586;35.27;34.92;35.27;23-Mar-2017
120586;35.37;35.02;35.37;24-Mar-2017
120586;35.12;34.77;35.12;27-Mar-2017
120586;35.35;35;35.35;28-Mar-2017
120586;35.54;35.18;35.54;29-Mar-2017
120586;35.64;35.28;35.64;30-Mar-2017
120586;35.61;35.25;35.61;31-Mar-2017
120586;35.78;35.42;35.78;03-Apr-2017
120586;35.98;35.62;35.98;05-Apr-2017
120586;35.98;35.62;35.98;06-Apr-2017
120586;35.85;35.49;35.85;07-Apr-2017
120586;36.00;35.64;36.00;10-Apr-2017
120586;36.22;35.86;36.22;11-Apr-2017
120586;36.08;35.72;36.08;12-Apr-2017
120586;35.94;35.58;35.94;13-Apr-2017
120586;35.79;35.43;35.79;17-Apr-2017
120586;35.64;35.28;35.64;18-Apr-2017
120586;35.68;35.32;35.68;19-Apr-2017
120586;35.74;35.38;35.74;20-Apr-2017
120586;35.59;35.23;35.59;21-Apr-2017
120586;35.88;35.52;35.88;24-Apr-2017
120586;36.24;35.88;36.24;25-Apr-2017
120586;36.43;36.07;36.43;26-Apr-2017
120586;36.39;36.03;36.39;27-Apr-2017
120586;36.40;36.04;36.40;28-Apr-2017
120586;36.30;35.94;36.30;02-May-2017
120586;36.23;35.87;36.23;03-May-2017
120586;36.54;36.17;36.54;04-May-2017
120586;36.21;35.85;36.21;05-May-2017
120586;36.40;36.04;36.40;08-May-2017
120586;36.42;36.06;36.42;09-May-2017
120586;36.71;36.34;36.71;10-May-2017
120586;36.67;36.30;36.67;11-May-2017
120586;36.61;36.24;36.61;12-May-2017
120586;36.87;36.50;36.87;15-May-2017
120586;37.10;36.73;37.10;16-May-2017
120586;37.13;36.76;37.13;17-May-2017
120586;36.71;36.34;36.71;18-May-2017
120586;36.72;36.35;36.72;19-May-2017
120586;36.60;36.23;36.60;22-May-2017
120586;36.42;36.06;36.42;23-May-2017
120586;36.26;35.90;36.26;24-May-2017
120586;36.81;36.44;36.81;25-May-2017
120586;37.14;36.77;37.14;26-May-2017
120586;36.97;36.60;36.97;29-May-2017
120586;37.14;36.77;37.14;30-May-2017
120586;37.27;36.90;37.27;31-May-2017
120586;37.24;36.87;37.24;01-Jun-2017
120586;37.40;37.03;37.40;02-Jun-2017
120586;37.51;37.13;37.51;05-Jun-2017
120586;37.31;36.94;37.31;06-Jun-2017
120586;37.48;37.11;37.48;07-Jun-2017
120586;37.52;37.14;37.52;08-Jun-2017
120586;37.60;37.22;37.60;09-Jun-2017
120586;37.43;37.06;37.43;12-Jun-2017
120586;37.41;37.04;37.41;13-Jun-2017
120586;37.40;37.03;37.40;14-Jun-2017
120586;37.28;36.91;37.28;15-Jun-2017
120586;37.32;36.95;37.32;16-Jun-2017
120586;37.60;37.22;37.60;19-Jun-2017
120586;37.66;37.28;37.66;20-Jun-2017
120586;37.58;37.20;37.58;21-Jun-2017
120586;37.48;37.11;37.48;22-Jun-2017
120586;37.22;36.85;37.22;23-Jun-2017
120586;36.95;36.58;36.95;27-Jun-2017
120586;37.03;36.66;37.03;28-Jun-2017
120586;37.08;36.71;37.08;29-Jun-2017
120586;37.14;36.77;37.14;30-Jun-2017
120586;37.40;37.03;37.40;03-Jul-2017
120586;37.34;36.97;37.34;04-Jul-2017
120586;37.45;37.08;37.45;05-Jul-2017
120586;37.64;37.26;37.64;06-Jul-2017
120586;37.64;37.26;37.64;07-Jul-2017
120586;38.01;37.63;38.01;10-Jul-2017
120586;37.95;37.57;37.95;11-Jul-2017
120586;38.19;37.81;38.19;12-Jul-2017
120586;38.56;38.17;38.56;13-Jul-2017
120586;38.61;38.22;38.61;14-Jul-2017
120586;38.72;38.33;38.72;17-Jul-2017
120586;38.48;38.10;38.48;18-Jul-2017
120586;38.85;38.46;38.85;19-Jul-2017
120586;38.78;38.39;38.78;20-Jul-2017
120586;38.93;38.54;38.93;21-Jul-2017
120586;39.08;38.69;39.08;24-Jul-2017
120586;39.06;38.67;39.06;25-Jul-2017
120586;39.22;38.83;39.22;26-Jul-2017
120586;39.16;38.77;39.16;27-Jul-2017
120586;39.08;38.69;39.08;28-Jul-2017
120586;39.38;38.99;39.38;31-Jul-2017
120586;39.55;39.15;39.55;01-Aug-2017
120586;39.44;39.05;39.44;02-Aug-2017
120586;39.14;38.75;39.14;03-Aug-2017
120586;39.47;39.08;39.47;04-Aug-2017
120586;39.65;39.25;39.65;07-Aug-2017
120586;39.32;38.93;39.32;08-Aug-2017
120586;38.91;38.52;38.91;09-Aug-2017
120586;38.47;38.09;38.47;10-Aug-2017
120586;38.11;37.73;38.11;11-Aug-2017
120586;38.64;38.25;38.64;14-Aug-2017
120586;39.18;38.79;39.18;16-Aug-2017
120586;39.11;38.72;39.11;17-Aug-2017
120586;38.88;38.49;38.88;18-Aug-2017
120586;38.50;38.12;38.50;21-Aug-2017
120586;38.56;38.17;38.56;22-Aug-2017
120586;38.93;38.54;38.93;23-Aug-2017
120586;39.07;38.68;39.07;24-Aug-2017
120586;39.30;38.91;39.30;28-Aug-2017
120586;38.82;38.43;38.82;29-Aug-2017
120586;39.19;38.80;39.19;30-Aug-2017
120586;39.27;38.88;39.27;31-Aug-2017
120586;39.50;39.11;39.50;01-Sep-2017
120586;39.22;38.83;39.22;04-Sep-2017
120586;39.33;38.94;39.33;05-Sep-2017
120586;39.25;38.86;39.25;06-Sep-2017
120586;39.38;38.99;39.38;07-Sep-2017
120586;39.38;38.99;39.38;08-Sep-2017
120586;39.78;39.38;39.78;11-Sep-2017
120586;40.03;39.63;40.03;12-Sep-2017
120586;39.93;39.53;39.93;13-Sep-2017
120586;40.00;39.60;40.00;14-Sep-2017
120586;39.98;39.58;39.98;15-Sep-2017
120586;40.17;39.77;40.17;18-Sep-2017
120586;40.21;39.81;40.21;19-Sep-2017
120586;40.15;39.75;40.15;20-Sep-2017
120586;40.01;39.61;40.01;21-Sep-2017
120586;39.34;38.95;39.34;22-Sep-2017
120586;38.95;38.56;38.95;25-Sep-2017
120586;39.11;38.72;39.11;26-Sep-2017
120586;38.58;38.19;38.58;27-Sep-2017
120586;38.83;38.44;38.83;28-Sep-2017
120586;39.06;38.67;39.06;29-Sep-2017
120586;39.23;38.84;39.23;03-Oct-2017
120586;39.31;38.92;39.31;04-Oct-2017
120586;39.21;38.82;39.21;05-Oct-2017
120586;39.63;39.23;39.63;06-Oct-2017
120586;39.63;39.23;39.63;09-Oct-2017
120586;39.83;39.43;39.83;10-Oct-2017
120586;39.72;39.32;39.72;11-Oct-2017
120586;40.16;39.76;40.16;12-Oct-2017
120586;40.36;39.96;40.36;13-Oct-2017
120586;40.51;40.10;40.51;16-Oct-2017
120586;40.52;40.11;40.52;17-Oct-2017
120586;40.27;39.87;40.27;18-Oct-2017
120586;40.15;39.75;40.15;23-Oct-2017
120586;40.26;39.86;40.26;24-Oct-2017
120586;41.04;40.63;41.04;25-Oct-2017
120586;41.21;40.80;41.21;26-Oct-2017
120586;41.18;40.77;41.18;27-Oct-2017
120586;41.40;40.99;41.40;30-Oct-2017
120586;41.40;40.99;41.40;31-Oct-2017
120586;41.90;41.48;41.90;01-Nov-2017
120586;41.80;41.38;41.80;02-Nov-2017
120586;41.95;41.53;41.95;03-Nov-2017
120586;42.01;41.59;42.01;06-Nov-2017
120586;41.49;41.08;41.49;07-Nov-2017
120586;41.33;40.92;41.33;08-Nov-2017
120586;41.39;40.98;41.39;09-Nov-2017
120586;41.56;41.14;41.56;10-Nov-2017
120586;41.22;40.81;41.22;13-Nov-2017
120586;41.04;40.63;41.04;14-Nov-2017
120586;40.72;40.31;40.72;15-Nov-2017
120586;41.13;40.72;41.13;16-Nov-2017
120586;41.46;41.05;41.46;17-Nov-2017
120586;41.50;41.09;41.50;20-Nov-2017
120586;41.65;41.23;41.65;21-Nov-2017
120586;41.64;41.22;41.64;22-Nov-2017
120586;41.67;41.25;41.67;23-Nov-2017
120586;41.81;41.39;41.81;24-Nov-2017
120586;41.97;41.55;41.97;27-Nov-2017
120586;41.84;41.42;41.84;28-Nov-2017
120586;41.82;41.40;41.82;29-Nov-2017
120586;41.32;40.91;41.32;30-Nov-2017
120586;40.9;40.49;40.9;01-Dec-2017
120586;41.01;40.60;41.01;04-Dec-2017
120586;40.94;40.53;40.94;05-Dec-2017
120586;40.62;40.21;40.62;06-Dec-2017
120586;41.32;40.91;41.32;07-Dec-2017
120586;41.74;41.32;41.74;08-Dec-2017
120586;41.94;41.52;41.94;11-Dec-2017
120586;41.64;41.22;41.64;12-Dec-2017
120586;41.33;40.92;41.33;13-Dec-2017
120586;41.55;41.13;41.55;14-Dec-2017
120586;41.77;41.35;41.77;15-Dec-2017
120586;42.06;41.64;42.06;18-Dec-2017
120586;42.48;42.06;42.48;19-Dec-2017
120586;42.40;41.98;42.40;20-Dec-2017
120586;42.44;42.02;42.44;21-Dec-2017
120586;42.66;42.23;42.66;22-Dec-2017
120586;42.79;42.36;42.79;26-Dec-2017
120586;42.59;42.16;42.59;27-Dec-2017
120586;42.50;42.08;42.50;28-Dec-2017
120586;42.68;42.25;42.68;29-Dec-2017
120586;42.44;42.02;42.44;01-Jan-2018
120586;42.40;41.98;42.40;02-Jan-2018
120586;42.40;41.98;42.40;03-Jan-2018
120586;42.63;42.20;42.63;04-Jan-2018
120586;42.85;42.42;42.85;05-Jan-2018
120586;43.02;42.59;43.02;08-Jan-2018
120586;42.97;42.54;42.97;09-Jan-2018
120586;42.91;42.48;42.91;10-Jan-2018
120586;42.96;42.53;42.96;11-Jan-2018
120586;43.05;42.62;43.05;12-Jan-2018
120586;43.13;42.70;43.13;15-Jan-2018
120586;42.92;42.49;42.92;16-Jan-2018
120586;43.33;42.90;43.33;17-Jan-2018
120586;43.27;42.84;43.27;18-Jan-2018
120586;43.55;43.11;43.55;19-Jan-2018
120586;43.67;43.23;43.67;22-Jan-2018
120586;44.22;43.78;44.22;23-Jan-2018
120586;44.14;43.70;44.14;24-Jan-2018
120586;43.97;43.53;43.97;25-Jan-2018
120586;44.04;43.60;44.04;29-Jan-2018
120586;43.80;43.36;43.80;30-Jan-2018
120586;43.68;43.24;43.68;31-Jan-2018
120586;43.58;43.14;43.58;01-Feb-2018
120586;42.56;42.13;42.56;02-Feb-2018
120586;42.40;41.98;42.40;05-Feb-2018
120586;41.84;41.42;41.84;06-Feb-2018
120586;41.91;41.49;41.91;07-Feb-2018
120586;42.41;41.99;42.41;08-Feb-2018
120586;42.00;41.58;42.00;09-Feb-2018
120586;42.33;41.91;42.33;12-Feb-2018
120586;42.09;41.67;42.09;14-Feb-2018
120586;42.15;41.73;42.15;15-Feb-2018
120586;41.7;41.28;41.7;16-Feb-2018
120586;41.34;40.93;41.34;19-Feb-2018
120586;41.26;40.85;41.26;20-Feb-2018
120586;41.31;40.90;41.31;21-Feb-2018
120586;41.19;40.78;41.19;22-Feb-2018
120586;41.77;41.35;41.77;23-Feb-2018
120586;42.15;41.73;42.15;26-Feb-2018
120586;42.00;41.58;42.00;27-Feb-2018
120586;41.82;41.40;41.82;28-Feb-2018
120586;41.55;41.13;41.55;01-Mar-2018
120586;41.20;40.79;41.20;05-Mar-2018
120586;40.75;40.34;40.75;06-Mar-2018
120586;40.38;39.98;40.38;07-Mar-2018
120586;40.74;40.33;40.74;08-Mar-2018
120586;40.63;40.22;40.63;09-Mar-2018
120586;41.34;40.93;41.34;12-Mar-2018
120586;41.53;41.11;41.53;13-Mar-2018
120586;41.53;41.11;41.53;14-Mar-2018
120586;41.29;40.88;41.29;15-Mar-2018
120586;40.72;40.31;40.72;16-Mar-2018
120586;40.28;39.88;40.28;19-Mar-2018
120586;40.43;40.03;40.43;20-Mar-2018
120586;40.56;40.15;40.56;21-Mar-2018
120586;40.35;39.95;40.35;22-Mar-2018
120586;39.95;39.55;39.95;23-Mar-2018
120586;40.43;40.03;40.43;26-Mar-2018
120586;40.77;40.36;40.77;27-Mar-2018
120586;40.48;40.08;40.48;28-Mar-2018
120586;40.74;40.33;40.74;02-Apr-2018
120586;40.94;40.53;40.94;03-Apr-2018
120586;40.47;40.07;40.47;04-Apr-2018
120586;41.25;40.84;41.25;05-Apr-2018
120586;41.33;40.92;41.33;06-Apr-2018
120586;41.54;41.12;41.54;09-Apr-2018
120586;41.73;41.31;41.73;10-Apr-2018
120586;41.70;41.28;41.70;11-Apr-2018
120586;41.82;41.40;41.82;12-Apr-2018
120586;41.87;41.45;41.87;13-Apr-2018
120586;42.07;41.65;42.07;16-Apr-2018
120586;42.20;41.78;42.20;17-Apr-2018
120586;42.13;41.71;42.13;18-Apr-2018
120586;42.38;41.96;42.38;19-Apr-2018
120586;42.30;41.88;42.30;20-Apr-2018
120586;42.31;41.89;42.31;23-Apr-2018
120586;42.30;41.88;42.30;24-Apr-2018
120586;42.06;41.64;42.06;25-Apr-2018
120586;42.06;41.64;42.06;26-Apr-2018
120586;42.42;42.00;42.42;27-Apr-2018
120586;42.53;42.1;42.53;30-Apr-2018
120586;42.24;41.82;42.24;02-May-2018
120586;42.06;41.64;42.06;03-May-2018
120586;41.78;41.36;41.78;04-May-2018
120586;42.21;41.79;42.21;07-May-2018
120586;42.39;41.97;42.39;08-May-2018
120586;42.34;41.92;42.34;09-May-2018
120586;42.24;41.82;42.24;10-May-2018
120586;42.46;42.04;42.46;11-May-2018
120586;42.51;42.08;42.51;14-May-2018
120586;42.46;42.04;42.46;15-May-2018
120586;42.14;41.72;42.14;16-May-2018
120586;41.93;41.51;41.93;17-May-2018
120586;41.50;41.09;41.50;18-May-2018
120586;41.28;40.87;41.28;21-May-2018
120586;41.55;41.13;41.55;22-May-2018
120586;41.22;40.81;41.22;23-May-2018
120586;41.43;41.02;41.43;24-May-2018
120586;42.00;41.58;42.00;25-May-2018
120586;42.36;41.94;42.36;28-May-2018
120586;42.17;41.75;42.17;29-May-2018
120586;42.02;41.60;42.02;30-May-2018
120586;42.35;41.93;42.35;31-May-2018
120586;42.10;41.68;42.10;01-Jun-2018
120586;41.75;41.33;41.75;04-Jun-2018
120586;41.63;41.21;41.63;05-Jun-2018
120586;42.00;41.58;42.00;06-Jun-2018
120586;42.35;41.93;42.35;07-Jun-2018
120586;42.38;41.96;42.38;08-Jun-2018
120586;42.45;42.03;42.45;11-Jun-2018
120586;42.56;42.13;42.56;12-Jun-2018
120586;42.61;42.18;42.61;13-Jun-2018
120586;42.44;42.02;42.44;14-Jun-2018
120586;42.31;41.89;42.31;15-Jun-2018
120586;42.26;41.84;42.26;18-Jun-2018
120586;41.97;41.55;41.97;19-Jun-2018
120586;42.04;41.62;42.04;20-Jun-2018
120586;41.88;41.46;41.88;21-Jun-2018
120586;42.18;41.76;42.18;22-Jun-2018
120586;41.83;41.41;41.83;25-Jun-2018
120586;41.84;41.42;41.84;26-Jun-2018
120586;41.36;40.95;41.36;27-Jun-2018
120586;41.06;40.65;41.06;28-Jun-2018
120586;41.61;41.19;41.61;29-Jun-2018
120586;41.40;40.99;41.40;02-Jul-2018
120586;41.6;;;03-Jul-2018
120586;41.74;;;04-Jul-2018
120586;41.54;;;05-Jul-2018
120586;41.54;;;06-Jul-2018
120586;41.95;;;09-Jul-2018
120586;42.33;;;10-Jul-2018
120586;42;;;11-Jul-2018
120586;42.14;;;12-Jul-2018
120586;41.91;;;13-Jul-2018
120586;41.51;;;16-Jul-2018
120586;41.95;;;17-Jul-2018
120586;41.74;;;18-Jul-2018
120586;41.61;;;19-Jul-2018
120586;41.9;;;20-Jul-2018
120586;42.35;;;23-Jul-2018
120586;42.68;;;24-Jul-2018
120586;42.52;;;25-Jul-2018
120586;42.93;;;26-Jul-2018
120586;43.41;;;27-Jul-2018
120586;43.81;;;30-Jul-2018
120586;43.82;;;31-Jul-2018
120586;43.64;;;01-Aug-2018
120586;43.35;;;02-Aug-2018
120586;43.8;;;03-Aug-2018
120586;44.16;;;06-Aug-2018
120586;44.12;;;07-Aug-2018
120586;44.27;;;08-Aug-2018
120586;44.52;;;09-Aug-2018
120586;44.23;;;10-Aug-2018
120586;43.83;;;13-Aug-2018
120586;44.14;;;14-Aug-2018
120586;44.06;;;16-Aug-2018
120586;44.4;;;17-Aug-2018
120586;44.71;;;20-Aug-2018
120586;44.86;;;21-Aug-2018
120586;44.84;;;23-Aug-2018
120586;44.76;;;24-Aug-2018
120586;45.36;;;27-Aug-2018
120586;45.45;;;28-Aug-2018
120586;45.35;;;29-Aug-2018
120586;45.47;;;30-Aug-2018
120586;45.63;;;31-Aug-2018
120586;45.29;;;03-Sep-2018
120586;44.8;;;04-Sep-2018
120586;44.8;;;05-Sep-2018
120586;44.92;;;06-Sep-2018
120586;45.22;;;07-Sep-2018
120586;44.75;;;10-Sep-2018
120586;44.21;;;11-Sep-2018
120586;44.43;;;12-Sep-2018
120586;45.07;;;14-Sep-2018
120586;44.69;;;17-Sep-2018
120586;44.13;;;18-Sep-2018
120586;44.08;;;19-Sep-2018
120586;43.87;;;21-Sep-2018
120586;43.02;;;24-Sep-2018
120586;43.51;;;25-Sep-2018
120586;43.37;;;26-Sep-2018
120586;43.03;;;27-Sep-2018
120586;42.65;;;28-Sep-2018
120586;42.95;;;01-Oct-2018
120586;42.44;;;03-Oct-2018
120586;41.87;;;04-Oct-2018
120586;40.65;;;05-Oct-2018
120586;40.41;;;08-Oct-2018
120586;40.15;;;09-Oct-2018
120586;40.96;;;10-Oct-2018
120586;40.16;;;11-Oct-2018
120586;41;;;12-Oct-2018
120586;41.17;;;15-Oct-2018
120586;41.49;;;16-Oct-2018
120586;41.05;;;17-Oct-2018
120586;40.71;;;19-Oct-2018
120586;40.69;;;22-Oct-2018
120586;40.35;;;23-Oct-2018
120586;40.7;;;24-Oct-2018
120586;40.22;;;25-Oct-2018
120586;39.89;;;26-Oct-2018
120586;40.83;;;29-Oct-2018
120586;40.76;;;30-Oct-2018
120586;41.39;;;31-Oct-2018
120586;41.39;;;01-Nov-2018
120586;42.08;;;02-Nov-2018
120586;41.97;;;05-Nov-2018
120586;41.86;;;06-Nov-2018
120586;42.01;;;09-Nov-2018
120586;41.52;;;12-Nov-2018
120586;41.92;;;13-Nov-2018
120586;41.94;;;14-Nov-2018
120586;42.02;;;15-Nov-2018