Scheme Code;Net Asset Value;Repurchase Price;Sale Price;Date
120488;3.9399;3.9399;3.9399;02-Jan-2013
120488;3.9649;3.9649;3.9649;03-Jan-2013
120488;3.9586;3.9586;3.9586;04-Jan-2013
120488;3.9546;3.9546;3.9546;07-Jan-2013
120488;3.9352;3.9352;3.9352;08-Jan-2013
120488;3.9338;3.9338;3.9338;09-Jan-2013
120488;3.9611;3.9611;3.9611;10-Jan-2013
120488;3.9219;3.9219;3.9219;11-Jan-2013
120488;3.9536;3.9536;3.9536;14-Jan-2013
120488;3.9863;3.9863;3.9863;15-Jan-2013
120488;3.9113;3.9113;3.9113;16-Jan-2013
120488;3.9326;3.9326;3.9326;17-Jan-2013
120488;3.9344;3.9344;3.9344;18-Jan-2013
120488;3.9585;3.9585;3.9585;21-Jan-2013
120488;3.9216;3.9216;3.9216;22-Jan-2013
120488;3.9031;3.9031;3.9031;23-Jan-2013
120488;3.8521;3.8521;3.8521;24-Jan-2013
120488;3.9240;3.9240;3.9240;25-Jan-2013
120488;3.9702;3.9702;3.9702;28-Jan-2013
120488;3.9297;3.9297;3.9297;29-Jan-2013
120488;3.9260;3.9260;3.9260;30-Jan-2013
120488;3.9080;3.9080;3.9080;31-Jan-2013
120488;3.8860;3.8860;3.8860;01-Feb-2013
120488;3.8795;3.8795;3.8795;04-Feb-2013
120488;3.8507;3.8507;3.8507;05-Feb-2013
120488;3.8782;3.8782;3.8782;06-Feb-2013
120488;3.8699;3.8699;3.8699;07-Feb-2013
120488;3.8468;3.8468;3.8468;08-Feb-2013
120488;3.8372;3.8372;3.8372;11-Feb-2013
120488;3.8428;3.8428;3.8428;12-Feb-2013
120488;3.8265;3.8265;3.8265;13-Feb-2013
120488;3.7654;3.7654;3.7654;14-Feb-2013
120488;3.7606;3.7606;3.7606;15-Feb-2013
120488;3.7677;3.7677;3.7677;18-Feb-2013
120488;3.8176;3.8176;3.8176;19-Feb-2013
120488;3.7974;3.7974;3.7974;20-Feb-2013
120488;3.7041;3.7041;3.7041;21-Feb-2013
120488;3.6993;3.6993;3.6993;22-Feb-2013
120488;3.6912;3.6912;3.6912;25-Feb-2013
120488;3.5910;3.5910;3.5910;26-Feb-2013
120488;3.6472;3.6472;3.6472;27-Feb-2013
120488;3.5700;3.5700;3.5700;28-Feb-2013
120488;3.5979;3.5979;3.5979;01-Mar-2013
120488;3.5645;3.5645;3.5645;04-Mar-2013
120488;3.6389;3.6389;3.6389;05-Mar-2013
120488;3.6943;3.6943;3.6943;06-Mar-2013
120488;3.7177;3.7177;3.7177;07-Mar-2013
120488;3.7572;3.7572;3.7572;08-Mar-2013
120488;3.7550;3.7550;3.7550;11-Mar-2013
120488;3.7352;3.7352;3.7352;12-Mar-2013
120488;3.6629;3.6629;3.6629;13-Mar-2013
120488;3.7078;3.7078;3.7078;14-Mar-2013
120488;3.6753;3.6753;3.6753;15-Mar-2013
120488;3.6081;3.6081;3.6081;18-Mar-2013
120488;3.5391;3.5391;3.5391;19-Mar-2013
120488;3.4768;3.4768;3.4768;20-Mar-2013
120488;3.4216;3.4216;3.4216;21-Mar-2013
120488;3.4378;3.4378;3.4378;22-Mar-2013
120488;3.3983;3.3983;3.3983;25-Mar-2013
120488;3.4059;3.4059;3.4059;26-Mar-2013
120488;3.4262;3.4262;3.4262;28-Mar-2013
120488;3.4405;3.4405;3.4405;01-Apr-2013
120488;3.4665;3.4665;3.4665;02-Apr-2013
120488;3.3913;3.3913;3.3913;03-Apr-2013
120488;3.3719;3.3719;3.3719;04-Apr-2013
120488;3.3948;3.3948;3.3948;05-Apr-2013
120488;3.4037;3.4037;3.4037;08-Apr-2013
120488;3.3967;3.3967;3.3967;09-Apr-2013
120488;3.4335;3.4335;3.4335;10-Apr-2013
120488;3.4546;3.4546;3.4546;11-Apr-2013
120488;3.4680;3.4680;3.4680;12-Apr-2013
120488;3.4813;3.4813;3.4813;15-Apr-2013
120488;3.5816;3.5816;3.5816;16-Apr-2013
120488;3.5942;3.5942;3.5942;17-Apr-2013
120488;3.6702;3.6702;3.6702;18-Apr-2013
120488;3.6872;3.6872;3.6872;22-Apr-2013
120488;3.6884;3.6884;3.6884;23-Apr-2013
120488;3.7617;3.7617;3.7617;25-Apr-2013
120488;3.7560;3.7560;3.7560;26-Apr-2013
120488;3.7700;3.7700;3.7700;29-Apr-2013
120488;3.7584;3.7584;3.7584;30-Apr-2013
120488;3.7842;3.7842;3.7842;02-May-2013
120488;3.7210;3.7210;3.7210;03-May-2013
120488;3.7457;3.7457;3.7457;06-May-2013
120488;3.7989;3.7989;3.7989;07-May-2013
120488;3.7836;3.7836;3.7836;08-May-2013
120488;3.7659;3.7659;3.7659;09-May-2013
120488;3.8154;3.8154;3.8154;10-May-2013
120488;3.7399;3.7399;3.7399;13-May-2013
120488;3.7380;3.7380;3.7380;14-May-2013
120488;3.8386;3.8386;3.8386;15-May-2013
120488;3.8854;3.8854;3.8854;16-May-2013
120488;3.8894;3.8894;3.8894;17-May-2013
120488;3.8629;3.8629;3.8629;20-May-2013
120488;3.8029;3.8029;3.8029;21-May-2013
120488;3.7773;3.7773;3.7773;22-May-2013
120488;3.6999;3.6999;3.6999;23-May-2013
120488;3.7434;3.7434;3.7434;24-May-2013
120488;3.7785;3.7785;3.7785;27-May-2013
120488;3.8073;3.8073;3.8073;28-May-2013
120488;3.7902;3.7902;3.7902;29-May-2013
120488;3.7651;3.7651;3.7651;30-May-2013
120488;3.6765;3.6765;3.6765;31-May-2013
120488;3.6639;3.6639;3.6639;03-Jun-2013
120488;3.6524;3.6524;3.6524;04-Jun-2013
120488;3.6505;3.6505;3.6505;05-Jun-2013
120488;3.6700;3.6700;3.6700;06-Jun-2013
120488;3.6563;3.6563;3.6563;07-Jun-2013
120488;3.6190;3.6190;3.6190;10-Jun-2013
120488;3.5553;3.5553;3.5553;11-Jun-2013
120488;3.5484;3.5484;3.5484;12-Jun-2013
120488;3.4825;3.4825;3.4825;13-Jun-2013
120488;3.5698;3.5698;3.5698;14-Jun-2013
120488;3.5862;3.5862;3.5862;17-Jun-2013
120488;3.5716;3.5716;3.5716;18-Jun-2013
120488;3.5855;3.5855;3.5855;19-Jun-2013
120488;3.4699;3.4699;3.4699;20-Jun-2013
120488;3.4704;3.4704;3.4704;21-Jun-2013
120488;3.4124;3.4124;3.4124;24-Jun-2013
120488;3.4244;3.4244;3.4244;25-Jun-2013
120488;3.4077;3.4077;3.4077;26-Jun-2013
120488;3.4320;3.4320;3.4320;27-Jun-2013
120488;3.5198;3.5198;3.5198;28-Jun-2013
120488;3.5692;3.5692;3.5692;01-Jul-2013
120488;3.5529;3.5529;3.5529;02-Jul-2013
120488;3.4529;3.4529;3.4529;03-Jul-2013
120488;3.4816;3.4816;3.4816;04-Jul-2013
120488;3.5086;3.5086;3.5086;05-Jul-2013
120488;3.4694;3.4694;3.4694;08-Jul-2013
120488;3.4949;3.4949;3.4949;09-Jul-2013
120488;3.4868;3.4868;3.4868;10-Jul-2013
120488;3.5354;3.5354;3.5354;11-Jul-2013
120488;3.5874;3.5874;3.5874;12-Jul-2013
120488;3.5941;3.5941;3.5941;15-Jul-2013
120488;3.4617;3.4617;3.4617;16-Jul-2013
120488;3.4157;3.4157;3.4157;17-Jul-2013
120488;3.4581;3.4581;3.4581;18-Jul-2013
120488;3.4650;3.4650;3.4650;19-Jul-2013
120488;3.4507;3.4507;3.4507;22-Jul-2013
120488;3.4998;3.4998;3.4998;23-Jul-2013
120488;3.3907;3.3907;3.3907;24-Jul-2013
120488;3.3323;3.3323;3.3323;25-Jul-2013
120488;3.3150;3.3150;3.3150;26-Jul-2013
120488;3.2952;3.2952;3.2952;29-Jul-2013
120488;3.2419;3.2419;3.2419;30-Jul-2013
120488;3.2312;3.2312;3.2312;31-Jul-2013
120488;3.1784;3.1784;3.1784;01-Aug-2013
120488;3.1186;3.1186;3.1186;02-Aug-2013
120488;3.1438;3.1438;3.1438;05-Aug-2013
120488;3.0671;3.0671;3.0671;06-Aug-2013
120488;3.0936;3.0936;3.0936;07-Aug-2013
120488;3.1034;3.1034;3.1034;08-Aug-2013
120488;3.1255;3.1255;3.1255;12-Aug-2013
120488;3.2049;3.2049;3.2049;13-Aug-2013
120488;3.2303;3.2303;3.2303;14-Aug-2013
120488;3.1002;3.1002;3.1002;16-Aug-2013
120488;3.0065;3.0065;3.0065;19-Aug-2013
120488;2.9861;2.9861;2.9861;20-Aug-2013
120488;2.9536;2.9536;2.9536;21-Aug-2013
120488;3.0010;3.0010;3.0010;22-Aug-2013
120488;3.0892;3.0892;3.0892;23-Aug-2013
120488;3.0487;3.0487;3.0487;26-Aug-2013
120488;2.9147;2.9147;2.9147;27-Aug-2013
120488;2.8901;2.8901;2.8901;28-Aug-2013
120488;2.9534;2.9534;2.9534;29-Aug-2013
120488;2.9513;2.9513;2.9513;30-Aug-2013
120488;2.9782;2.9782;2.9782;02-Sep-2013
120488;2.8937;2.8937;2.8937;03-Sep-2013
120488;2.9572;2.9572;2.9572;04-Sep-2013
120488;3.0916;3.0916;3.0916;05-Sep-2013
120488;3.1556;3.1556;3.1556;06-Sep-2013
120488;3.2612;3.2612;3.2612;10-Sep-2013
120488;3.2726;3.2726;3.2726;11-Sep-2013
120488;3.2184;3.2184;3.2184;12-Sep-2013
120488;3.2477;3.2477;3.2477;13-Sep-2013
120488;3.2462;3.2462;3.2462;16-Sep-2013
120488;3.2600;3.2600;3.2600;17-Sep-2013
120488;3.3123;3.3123;3.3123;18-Sep-2013
120488;3.5037;3.5037;3.5037;19-Sep-2013
120488;3.4152;3.4152;3.4152;20-Sep-2013
120488;3.3240;3.3240;3.3240;23-Sep-2013
120488;3.3304;3.3304;3.3304;24-Sep-2013
120488;3.3278;3.3278;3.3278;25-Sep-2013
120488;3.3254;3.3254;3.3254;26-Sep-2013
120488;3.2811;3.2811;3.2811;27-Sep-2013
120488;3.2155;3.2155;3.2155;30-Sep-2013
120488;3.2415;3.2415;3.2415;01-Oct-2013
120488;3.3341;3.3341;3.3341;03-Oct-2013
120488;3.3315;3.3315;3.3315;04-Oct-2013
120488;3.3397;3.3397;3.3397;07-Oct-2013
120488;3.3703;3.3703;3.3703;08-Oct-2013
120488;3.4121;3.4121;3.4121;09-Oct-2013
120488;3.4521;3.4521;3.4521;10-Oct-2013
120488;3.5108;3.5108;3.5108;11-Oct-2013
120488;3.5030;3.5030;3.5030;14-Oct-2013
120488;3.4665;3.4665;3.4665;15-Oct-2013
120488;3.4190;3.4190;3.4190;17-Oct-2013
120488;3.4967;3.4967;3.4967;18-Oct-2013
120488;3.5460;3.5460;3.5460;21-Oct-2013
120488;3.5547;3.5547;3.5547;22-Oct-2013
120488;3.5459;3.5459;3.5459;23-Oct-2013
120488;3.5593;3.5593;3.5593;24-Oct-2013
120488;3.5279;3.5279;3.5279;25-Oct-2013
120488;3.5045;3.5045;3.5045;28-Oct-2013
120488;3.6050;3.6050;3.6050;29-Oct-2013
120488;3.6432;3.6432;3.6432;30-Oct-2013
120488;3.6472;3.6472;3.6472;31-Oct-2013
120488;3.7141;3.7141;3.7141;01-Nov-2013
120488;3.6848;3.6848;3.6848;05-Nov-2013
120488;3.6602;3.6602;3.6602;06-Nov-2013
120488;3.6149;3.6149;3.6149;07-Nov-2013
120488;3.6204;3.6204;3.6204;08-Nov-2013
120488;3.5699;3.5699;3.5699;11-Nov-2013
120488;3.5301;3.5301;3.5301;12-Nov-2013
120488;3.5296;3.5296;3.5296;13-Nov-2013
120488;3.6229;3.6229;3.6229;14-Nov-2013
120488;3.7032;3.7032;3.7032;18-Nov-2013
120488;3.7255;3.7255;3.7255;19-Nov-2013
120488;3.6744;3.6744;3.6744;20-Nov-2013
120488;3.5917;3.5917;3.5917;21-Nov-2013
120488;3.5932;3.5932;3.5932;22-Nov-2013
120488;3.6763;3.6763;3.6763;25-Nov-2013
120488;3.6727;3.6727;3.6727;26-Nov-2013
120488;3.6760;3.6760;3.6760;27-Nov-2013
120488;3.7035;3.7035;3.7035;28-Nov-2013
120488;3.7615;3.7615;3.7615;29-Nov-2013
120488;3.8021;3.8021;3.8021;02-Dec-2013
120488;3.7838;3.7838;3.7838;03-Dec-2013
120488;3.7348;3.7348;3.7348;04-Dec-2013
120488;3.8283;3.8283;3.8283;05-Dec-2013
120488;3.8355;3.8355;3.8355;06-Dec-2013
120488;3.9214;3.9214;3.9214;09-Dec-2013
120488;3.8549;3.8549;3.8549;10-Dec-2013
120488;3.8074;3.8074;3.8074;11-Dec-2013
120488;3.7314;3.7314;3.7314;12-Dec-2013
120488;3.6835;3.6835;3.6835;13-Dec-2013
120488;3.6953;3.6953;3.6953;16-Dec-2013
120488;3.6974;3.6974;3.6974;17-Dec-2013
120488;3.7502;3.7502;3.7502;18-Dec-2013
120488;3.7036;3.7036;3.7036;19-Dec-2013
120488;3.7830;3.7830;3.7830;20-Dec-2013
120488;3.8127;3.8127;3.8127;23-Dec-2013
120488;3.8160;3.8160;3.8160;24-Dec-2013
120488;3.8024;3.8024;3.8024;26-Dec-2013
120488;3.8225;3.8225;3.8225;27-Dec-2013
120488;3.7897;3.7897;3.7897;30-Dec-2013
120488;3.8227;3.8227;3.8227;31-Dec-2013
120488;3.8218;3.8218;3.8218;01-Jan-2014
120488;3.7389;3.7389;3.7389;02-Jan-2014
120488;3.7024;3.7024;3.7024;03-Jan-2014
120488;3.6864;3.6864;3.6864;06-Jan-2014
120488;3.6729;3.6729;3.6729;07-Jan-2014
120488;3.6762;3.6762;3.6762;08-Jan-2014
120488;3.6610;3.6610;3.6610;09-Jan-2014
120488;3.6368;3.6368;3.6368;10-Jan-2014
120488;3.6846;3.6846;3.6846;13-Jan-2014
120488;3.6661;3.6661;3.6661;14-Jan-2014
120488;3.7165;3.7165;3.7165;15-Jan-2014
120488;3.6924;3.6924;3.6924;16-Jan-2014
120488;3.6557;3.6557;3.6557;17-Jan-2014
120488;3.6741;3.6741;3.6741;20-Jan-2014
120488;3.7071;3.7071;3.7071;21-Jan-2014
120488;3.7137;3.7137;3.7137;22-Jan-2014
120488;3.6999;3.6999;3.6999;23-Jan-2014
120488;3.6292;3.6292;3.6292;24-Jan-2014
120488;3.5083;3.5083;3.5083;27-Jan-2014
120488;3.5323;3.5323;3.5323;28-Jan-2014
120488;3.5262;3.5262;3.5262;29-Jan-2014
120488;3.4818;3.4818;3.4818;30-Jan-2014
120488;3.5121;3.5121;3.5121;31-Jan-2014
120488;3.4520;3.4520;3.4520;03-Feb-2014
120488;3.4598;3.4598;3.4598;04-Feb-2014
120488;3.5090;3.5090;3.5090;05-Feb-2014
120488;3.5301;3.5301;3.5301;06-Feb-2014
120488;3.5571;3.5571;3.5571;07-Feb-2014
120488;3.5803;3.5803;3.5803;10-Feb-2014
120488;3.6074;3.6074;3.6074;11-Feb-2014
120488;3.6276;3.6276;3.6276;12-Feb-2014
120488;3.5538;3.5538;3.5538;13-Feb-2014
120488;3.5811;3.5811;3.5811;14-Feb-2014
120488;3.6227;3.6227;3.6227;17-Feb-2014
120488;3.6512;3.6512;3.6512;18-Feb-2014
120488;3.6609;3.6609;3.6609;19-Feb-2014
120488;3.6375;3.6375;3.6375;20-Feb-2014
120488;3.6773;3.6773;3.6773;21-Feb-2014
120488;3.7074;3.7074;3.7074;24-Feb-2014
120488;3.7118;3.7118;3.7118;25-Feb-2014
120488;3.7315;3.7315;3.7315;26-Feb-2014
120488;3.7988;3.7988;3.7988;28-Feb-2014
120488;3.7591;3.7591;3.7591;03-Mar-2014
120488;3.8280;3.8280;3.8280;04-Mar-2014
120488;3.8719;3.8719;3.8719;05-Mar-2014
120488;3.9427;3.9427;3.9427;06-Mar-2014
120488;4.0186;4.0186;4.0186;07-Mar-2014
120488;4.0465;4.0465;4.0465;10-Mar-2014
120488;4.0421;4.0421;4.0421;11-Mar-2014
120488;4.0030;4.0030;4.0030;12-Mar-2014
120488;4.0319;4.0319;4.0319;13-Mar-2014
120488;4.0518;4.0518;4.0518;14-Mar-2014
120488;4.0424;4.0424;4.0424;18-Mar-2014
120488;4.0331;4.0331;4.0331;19-Mar-2014
120488;4.0016;4.0016;4.0016;20-Mar-2014
120488;3.9788;3.9788;3.9788;21-Mar-2014
120488;4.0682;4.0682;4.0682;24-Mar-2014
120488;4.0810;4.0810;4.0810;25-Mar-2014
120488;4.1227;4.1227;4.1227;26-Mar-2014
120488;4.1437;4.1437;4.1437;27-Mar-2014
120488;4.2079;4.2079;4.2079;28-Mar-2014
120488;4.1784;4.1784;4.1784;31-Mar-2014
120488;4.1840;4.1840;4.1840;01-Apr-2014
120488;4.2658;4.2658;4.2658;02-Apr-2014
120488;4.2140;4.2140;4.2140;03-Apr-2014
120488;4.2010;4.2010;4.2010;04-Apr-2014
120488;4.1917;4.1917;4.1917;07-Apr-2014
120488;4.2473;4.2473;4.2473;09-Apr-2014
120488;4.2424;4.2424;4.2424;10-Apr-2014
120488;4.2191;4.2191;4.2191;11-Apr-2014
120488;4.1586;4.1586;4.1586;15-Apr-2014
120488;4.0888;4.0888;4.0888;16-Apr-2014
120488;4.1683;4.1683;4.1683;17-Apr-2014
120488;4.2330;4.2330;4.2330;21-Apr-2014
120488;4.2325;4.2325;4.2325;22-Apr-2014
120488;4.2530;4.2530;4.2530;23-Apr-2014
120488;4.2441;4.2441;4.2441;25-Apr-2014
120488;4.2474;4.2474;4.2474;28-Apr-2014
120488;4.2091;4.2091;4.2091;29-Apr-2014
120488;4.1896;4.1896;4.1896;30-Apr-2014
120488;4.2225;4.2225;4.2225;02-May-2014
120488;4.2294;4.2294;4.2294;05-May-2014
120488;4.2662;4.2662;4.2662;06-May-2014
120488;4.2397;4.2397;4.2397;07-May-2014
120488;4.2634;4.2634;4.2634;08-May-2014
120488;4.4177;4.4177;4.4177;09-May-2014
120488;4.5242;4.5242;4.5242;12-May-2014
120488;4.5951;4.5951;4.5951;13-May-2014
120488;4.5998;4.5998;4.5998;14-May-2014
120488;4.5756;4.5756;4.5756;15-May-2014
120488;4.7160;4.7160;4.7160;16-May-2014
120488;4.8894;4.8894;4.8894;19-May-2014
120488;4.8427;4.8427;4.8427;20-May-2014
120488;4.8433;4.8433;4.8433;21-May-2014
120488;4.8750;4.8750;4.8750;22-May-2014
120488;4.9786;4.9786;4.9786;23-May-2014
120488;4.9544;4.9544;4.9544;26-May-2014
120488;4.8931;4.8931;4.8931;27-May-2014
120488;4.9230;4.9230;4.9230;28-May-2014
120488;4.8376;4.8376;4.8376;29-May-2014
120488;4.8293;4.8293;4.8293;30-May-2014
120488;4.9911;4.9911;4.9911;02-Jun-2014
120488;5.0481;5.0481;5.0481;03-Jun-2014
120488;5.1074;5.1074;5.1074;04-Jun-2014
120488;5.1461;5.1461;5.1461;05-Jun-2014
120488;5.2431;5.2431;5.2431;06-Jun-2014
120488;5.2760;5.2760;5.2760;09-Jun-2014
120488;5.2194;5.2194;5.2194;10-Jun-2014
120488;5.1344;5.1344;5.1344;11-Jun-2014
120488;5.1210;5.1210;5.1210;12-Jun-2014
120488;4.9941;4.9941;4.9941;13-Jun-2014
120488;5.0179;5.0179;5.0179;16-Jun-2014
120488;5.1159;5.1159;5.1159;17-Jun-2014
120488;5.0329;5.0329;5.0329;18-Jun-2014
120488;4.9902;4.9902;4.9902;19-Jun-2014
120488;4.9623;4.9623;4.9623;20-Jun-2014
120488;4.9902;4.9902;4.9902;23-Jun-2014
120488;5.0946;5.0946;5.0946;24-Jun-2014
120488;5.0697;5.0697;5.0697;25-Jun-2014
120488;4.9984;4.9984;4.9984;26-Jun-2014
120488;4.9957;4.9957;4.9957;27-Jun-2014
120488;5.1140;5.1140;5.1140;30-Jun-2014
120488;5.1749;5.1749;5.1749;01-Jul-2014
120488;5.2382;5.2382;5.2382;02-Jul-2014
120488;5.2464;5.2464;5.2464;03-Jul-2014
120488;5.2820;5.2820;5.2820;04-Jul-2014
120488;5.2886;5.2886;5.2886;07-Jul-2014
120488;5.0807;5.0807;5.0807;08-Jul-2014
120488;5.0360;5.0360;5.0360;09-Jul-2014
120488;5.1090;5.1090;5.1090;10-Jul-2014
120488;4.9136;4.9136;4.9136;11-Jul-2014
120488;4.9800;4.9800;4.9800;14-Jul-2014
120488;5.1036;5.1036;5.1036;15-Jul-2014
120488;5.2002;5.2002;5.2002;16-Jul-2014
120488;5.2749;5.2749;5.2749;17-Jul-2014
120488;5.2880;5.2880;5.2880;18-Jul-2014
120488;5.2450;5.2450;5.2450;21-Jul-2014
120488;5.2539;5.2539;5.2539;22-Jul-2014
120488;5.2252;5.2252;5.2252;23-Jul-2014
120488;5.2292;5.2292;5.2292;24-Jul-2014
120488;5.1214;5.1214;5.1214;25-Jul-2014
120488;5.0931;5.0931;5.0931;28-Jul-2014
120488;5.1084;5.1084;5.1084;30-Jul-2014
120488;5.0952;5.0952;5.0952;31-Jul-2014
120488;5.0266;5.0266;5.0266;01-Aug-2014
120488;5.1217;5.1217;5.1217;04-Aug-2014
120488;5.1320;5.1320;5.1320;05-Aug-2014
120488;5.0795;5.0795;5.0795;06-Aug-2014
120488;5.1051;5.1051;5.1051;07-Aug-2014
120488;5.0003;5.0003;5.0003;08-Aug-2014
120488;5.0672;5.0672;5.0672;11-Aug-2014
120488;5.1430;5.1430;5.1430;12-Aug-2014
120488;5.0746;5.0746;5.0746;13-Aug-2014
120488;5.1463;5.1463;5.1463;14-Aug-2014
120488;5.3042;5.3042;5.3042;18-Aug-2014
120488;5.3923;5.3923;5.3923;19-Aug-2014
120488;5.3580;5.3580;5.3580;20-Aug-2014
120488;5.3775;5.3775;5.3775;21-Aug-2014
120488;5.3854;5.3854;5.3854;22-Aug-2014
120488;5.3191;5.3191;5.3191;25-Aug-2014
120488;5.2823;5.2823;5.2823;26-Aug-2014
120488;5.3267;5.3267;5.3267;27-Aug-2014
120488;5.3644;5.3644;5.3644;28-Aug-2014
120488;5.4820;5.4820;5.4820;01-Sep-2014
120488;5.5198;5.5198;5.5198;02-Sep-2014
120488;5.5617;5.5617;5.5617;03-Sep-2014
120488;5.5328;5.5328;5.5328;04-Sep-2014
120488;5.5445;5.5445;5.5445;05-Sep-2014
120488;5.6278;5.6278;5.6278;08-Sep-2014
120488;5.6079;5.6079;5.6079;09-Sep-2014
120488;5.6054;5.6054;5.6054;10-Sep-2014
120488;5.6796;5.6796;5.6796;11-Sep-2014
120488;5.6575;5.6575;5.6575;12-Sep-2014
120488;5.6158;5.6158;5.6158;15-Sep-2014
120488;5.3991;5.3991;5.3991;16-Sep-2014
120488;5.4381;5.4381;5.4381;17-Sep-2014
120488;5.5377;5.5377;5.5377;18-Sep-2014
120488;5.4706;5.4706;5.4706;19-Sep-2014
120488;5.5029;5.5029;5.5029;22-Sep-2014
120488;5.3874;5.3874;5.3874;23-Sep-2014
120488;5.3609;5.3609;5.3609;24-Sep-2014
120488;5.2293;5.2293;5.2293;25-Sep-2014
120488;5.3372;5.3372;5.3372;26-Sep-2014
120488;5.2927;5.2927;5.2927;29-Sep-2014
120488;5.2733;5.2733;5.2733;30-Sep-2014
120488;5.2768;5.2768;5.2768;01-Oct-2014
120488;5.1970;5.1970;5.1970;07-Oct-2014
120488;5.2502;5.2502;5.2502;08-Oct-2014
120488;5.3476;5.3476;5.3476;09-Oct-2014
120488;5.2501;5.2501;5.2501;10-Oct-2014
120488;5.3063;5.3063;5.3063;13-Oct-2014
120488;5.2965;5.2965;5.2965;14-Oct-2014
120488;5.1784;5.1784;5.1784;16-Oct-2014
120488;5.2357;5.2357;5.2357;17-Oct-2014
120488;5.3987;5.3987;5.3987;20-Oct-2014
120488;5.4508;5.4508;5.4508;21-Oct-2014
120488;5.4738;5.4738;5.4738;22-Oct-2014
120488;5.4675;5.4675;5.4675;27-Oct-2014
120488;5.5249;5.5249;5.5249;28-Oct-2014
120488;5.5401;5.5401;5.5401;29-Oct-2014
120488;5.6094;5.6094;5.6094;30-Oct-2014
120488;5.7116;5.7116;5.7116;31-Oct-2014
120488;5.7431;5.7431;5.7431;03-Nov-2014
120488;5.7810;5.7810;5.7810;05-Nov-2014
120488;5.8053;5.8053;5.8053;07-Nov-2014
120488;5.7389;5.7389;5.7389;10-Nov-2014
120488;5.7630;5.7630;5.7630;11-Nov-2014
120488;5.8074;5.8074;5.8074;12-Nov-2014
120488;5.7333;5.7333;5.7333;13-Nov-2014
120488;5.7643;5.7643;5.7643;14-Nov-2014
120488;5.8511;5.8511;5.8511;17-Nov-2014
120488;5.8886;5.8886;5.8886;18-Nov-2014
120488;5.8294;5.8294;5.8294;19-Nov-2014
120488;5.8311;5.8311;5.8311;20-Nov-2014
120488;5.8955;5.8955;5.8955;21-Nov-2014
120488;5.9224;5.9224;5.9224;24-Nov-2014
120488;5.8517;5.8517;5.8517;25-Nov-2014
120488;5.8591;5.8591;5.8591;26-Nov-2014
120488;5.8379;5.8379;5.8379;27-Nov-2014
120488;5.9706;5.9706;5.9706;28-Nov-2014
120488;5.9411;5.9411;5.9411;01-Dec-2014
120488;5.9182;5.9182;5.9182;02-Dec-2014
120488;5.9836;5.9836;5.9836;03-Dec-2014
120488;5.9924;5.9924;5.9924;04-Dec-2014
120488;5.9344;5.9344;5.9344;05-Dec-2014
120488;5.8476;5.8476;5.8476;08-Dec-2014
120488;5.7280;5.7280;5.7280;09-Dec-2014
120488;5.7965;5.7965;5.7965;10-Dec-2014
120488;5.7240;5.7240;5.7240;11-Dec-2014
120488;5.6365;5.6365;5.6365;12-Dec-2014
120488;5.5857;5.5857;5.5857;15-Dec-2014
120488;5.5003;5.5003;5.5003;16-Dec-2014
120488;5.5127;5.5127;5.5127;17-Dec-2014
120488;5.7221;5.7221;5.7221;18-Dec-2014
120488;5.7679;5.7679;5.7679;19-Dec-2014
120488;5.8280;5.8280;5.8280;22-Dec-2014
120488;5.7419;5.7419;5.7419;23-Dec-2014
120488;5.6953;5.6953;5.6953;24-Dec-2014
120488;5.7200;5.7200;5.7200;26-Dec-2014
120488;5.7651;5.7651;5.7651;29-Dec-2014
120488;5.8019;5.8019;5.8019;30-Dec-2014
120488;5.8272;5.8272;5.8272;31-Dec-2014
120488;5.8433;5.8433;5.8433;01-Jan-2015
120488;5.9086;5.9086;5.9086;02-Jan-2015
120488;5.9232;5.9232;5.9232;05-Jan-2015
120488;5.7185;5.7185;5.7185;06-Jan-2015
120488;5.6737;5.6737;5.6737;07-Jan-2015
120488;5.8067;5.8067;5.8067;08-Jan-2015
120488;5.8305;5.8305;5.8305;09-Jan-2015
120488;5.8777;5.8777;5.8777;12-Jan-2015
120488;5.8468;5.8468;5.8468;13-Jan-2015
120488;5.8460;5.8460;5.8460;14-Jan-2015
120488;5.9962;5.9962;5.9962;15-Jan-2015
120488;5.9926;5.9926;5.9926;16-Jan-2015
120488;6.0238;6.0238;6.0238;19-Jan-2015
120488;6.0976;6.0976;6.0976;20-Jan-2015
120488;6.1323;6.1323;6.1323;21-Jan-2015
120488;6.1265;6.1265;6.1265;22-Jan-2015
120488;6.2158;6.2158;6.2158;23-Jan-2015
120488;6.2824;6.2824;6.2824;27-Jan-2015
120488;6.3179;6.3179;6.3179;28-Jan-2015
120488;6.3416;6.3416;6.3416;29-Jan-2015
120488;6.2547;6.2547;6.2547;30-Jan-2015
120488;6.2106;6.2106;6.2106;02-Feb-2015
120488;6.1055;6.1055;6.1055;03-Feb-2015
120488;6.0108;6.0108;6.0108;04-Feb-2015
120488;5.9489;5.9489;5.9489;05-Feb-2015
120488;5.8843;5.8843;5.8843;06-Feb-2015
120488;5.7561;5.7561;5.7561;09-Feb-2015
120488;5.8719;5.8719;5.8719;10-Feb-2015
120488;5.9467;5.9467;5.9467;11-Feb-2015
120488;5.9799;5.9799;5.9799;12-Feb-2015
120488;6.0538;6.0538;6.0538;13-Feb-2015
120488;5.9939;5.9939;5.9939;16-Feb-2015
120488;6.0036;6.0036;6.0036;18-Feb-2015
120488;6.0449;6.0449;6.0449;19-Feb-2015
120488;6.0407;6.0407;6.0407;20-Feb-2015
120488;5.9568;5.9568;5.9568;23-Feb-2015
120488;5.9348;5.9348;5.9348;24-Feb-2015
120488;5.9259;5.9259;5.9259;25-Feb-2015
120488;5.8734;5.8734;5.8734;26-Feb-2015
120488;6.0690;6.0690;6.0690;27-Feb-2015
120488;6.2972;6.2972;6.2972;02-Mar-2015
120488;6.2908;6.2908;6.2908;03-Mar-2015
120488;6.2065;6.2065;6.2065;04-Mar-2015
120488;6.2277;6.2277;6.2277;05-Mar-2015
120488;6.0758;6.0758;6.0758;09-Mar-2015
120488;6.0814;6.0814;6.0814;10-Mar-2015
120488;6.0837;6.0837;6.0837;11-Mar-2015
120488;6.1647;6.1647;6.1647;12-Mar-2015
120488;6.0465;6.0465;6.0465;13-Mar-2015
120488;6.0193;6.0193;6.0193;16-Mar-2015
120488;6.1099;6.1099;6.1099;17-Mar-2015
120488;6.1190;6.1190;6.1190;18-Mar-2015
120488;6.0571;6.0571;6.0571;19-Mar-2015
120488;5.9630;5.9630;5.9630;20-Mar-2015
120488;5.9244;5.9244;5.9244;23-Mar-2015
120488;5.9103;5.9103;5.9103;24-Mar-2015
120488;5.8913;5.8913;5.8913;25-Mar-2015
120488;5.7836;5.7836;5.7836;26-Mar-2015
120488;5.8343;5.8343;5.8343;27-Mar-2015
120488;5.9307;5.9307;5.9307;30-Mar-2015
120488;5.9649;5.9649;5.9649;31-Mar-2015
120488;6.0539;6.0539;6.0539;01-Apr-2015
120488;6.0802;6.0802;6.0802;06-Apr-2015
120488;6.0636;6.0636;6.0636;07-Apr-2015
120488;6.1206;6.1206;6.1206;08-Apr-2015
120488;6.1608;6.1608;6.1608;09-Apr-2015
120488;6.1733;6.1733;6.1733;10-Apr-2015
120488;6.1626;6.1626;6.1626;13-Apr-2015
120488;6.1163;6.1163;6.1163;15-Apr-2015
120488;6.0678;6.0678;6.0678;16-Apr-2015
120488;6.0318;6.0318;6.0318;17-Apr-2015
120488;5.9825;5.9825;5.9825;20-Apr-2015
120488;5.9093;5.9093;5.9093;21-Apr-2015
120488;5.9138;5.9138;5.9138;22-Apr-2015
120488;5.9071;5.9071;5.9071;23-Apr-2015
120488;5.7667;5.7667;5.7667;24-Apr-2015
120488;5.6602;5.6602;5.6602;27-Apr-2015
120488;5.7996;5.7996;5.7996;28-Apr-2015
120488;5.8041;5.8041;5.8041;29-Apr-2015
120488;5.8491;5.8491;5.8491;30-Apr-2015
120488;5.8908;5.8908;5.8908;04-May-2015
120488;5.9239;5.9239;5.9239;05-May-2015
120488;5.7395;5.7395;5.7395;06-May-2015
120488;5.5844;5.5844;5.5844;07-May-2015
120488;5.7711;5.7711;5.7711;08-May-2015
120488;5.8934;5.8934;5.8934;11-May-2015
120488;5.7268;5.7268;5.7268;12-May-2015
120488;5.8234;5.8234;5.8234;13-May-2015
120488;5.8364;5.8364;5.8364;14-May-2015
120488;5.8741;5.8741;5.8741;15-May-2015
120488;5.9407;5.9407;5.9407;18-May-2015
120488;5.9108;5.9108;5.9108;19-May-2015
120488;5.9273;5.9273;5.9273;20-May-2015
120488;5.9132;5.9132;5.9132;21-May-2015
120488;6.0065;6.0065;6.0065;22-May-2015
120488;5.9954;5.9954;5.9954;25-May-2015
120488;5.9905;5.9905;5.9905;26-May-2015
120488;5.8830;5.8830;5.8830;27-May-2015
120488;5.8800;5.8800;5.8800;28-May-2015
120488;5.9293;5.9293;5.9293;29-May-2015
120488;5.9650;5.9650;5.9650;01-Jun-2015
120488;5.8525;5.8525;5.8525;02-Jun-2015
120488;5.7881;5.7881;5.7881;03-Jun-2015
120488;5.7860;5.7860;5.7860;04-Jun-2015
120488;5.7941;5.7941;5.7941;05-Jun-2015
120488;5.7419;5.7419;5.7419;08-Jun-2015
120488;5.7818;5.7818;5.7818;09-Jun-2015
120488;5.8966;5.8966;5.8966;10-Jun-2015
120488;5.8065;5.8065;5.8065;11-Jun-2015
120488;5.7968;5.7968;5.7968;12-Jun-2015
120488;5.8396;5.8396;5.8396;15-Jun-2015
120488;5.8787;5.8787;5.8787;16-Jun-2015
120488;5.9109;5.9109;5.9109;17-Jun-2015
120488;5.9638;5.9638;5.9638;18-Jun-2015
120488;6.0244;6.0244;6.0244;19-Jun-2015
120488;6.1559;6.1559;6.1559;22-Jun-2015
120488;6.1881;6.1881;6.1881;23-Jun-2015
120488;6.1333;6.1333;6.1333;24-Jun-2015
120488;6.1538;6.1538;6.1538;25-Jun-2015
120488;6.1330;6.1330;6.1330;26-Jun-2015
120488;6.0344;6.0344;6.0344;29-Jun-2015
120488;6.0181;6.0181;6.0181;30-Jun-2015
120488;6.1066;6.1066;6.1066;01-Jul-2015
120488;6.1107;6.1107;6.1107;02-Jul-2015
120488;6.1141;6.1141;6.1141;03-Jul-2015
120488;6.1319;6.1319;6.1319;06-Jul-2015
120488;6.1223;6.1223;6.1223;07-Jul-2015
120488;5.9878;5.9878;5.9878;08-Jul-2015
120488;5.9693;5.9693;5.9693;09-Jul-2015
120488;5.9898;5.9898;5.9898;10-Jul-2015
120488;6.0594;6.0594;6.0594;13-Jul-2015
120488;6.0578;6.0578;6.0578;14-Jul-2015
120488;6.0829;6.0829;6.0829;15-Jul-2015
120488;6.1713;6.1713;6.1713;16-Jul-2015
120488;6.1791;6.1791;6.1791;17-Jul-2015
120488;6.1726;6.1726;6.1726;20-Jul-2015
120488;6.1064;6.1064;6.1064;21-Jul-2015
120488;6.1628;6.1628;6.1628;22-Jul-2015
120488;6.1762;6.1762;6.1762;23-Jul-2015
120488;6.1288;6.1288;6.1288;24-Jul-2015
120488;6.0202;6.0202;6.0202;27-Jul-2015
120488;6.0517;6.0517;6.0517;28-Jul-2015
120488;6.1363;6.1363;6.1363;29-Jul-2015
120488;6.1378;6.1378;6.1378;30-Jul-2015
120488;6.2227;6.2227;6.2227;31-Jul-2015
120488;6.2703;6.2703;6.2703;03-Aug-2015
120488;6.3314;6.3314;6.3314;04-Aug-2015
120488;6.3530;6.3530;6.3530;05-Aug-2015
120488;6.3181;6.3181;6.3181;06-Aug-2015
120488;6.3158;6.3158;6.3158;07-Aug-2015
120488;6.2567;6.2567;6.2567;10-Aug-2015
120488;6.2134;6.2134;6.2134;11-Aug-2015
120488;6.0588;6.0588;6.0588;12-Aug-2015
120488;6.0626;6.0626;6.0626;13-Aug-2015
120488;6.1745;6.1745;6.1745;14-Aug-2015
120488;6.1400;6.1400;6.1400;17-Aug-2015
120488;6.1469;6.1469;6.1469;18-Aug-2015
120488;6.1388;6.1388;6.1388;19-Aug-2015
120488;5.9936;5.9936;5.9936;20-Aug-2015
120488;5.9061;5.9061;5.9061;21-Aug-2015
120488;5.4324;5.4324;5.4324;24-Aug-2015
120488;5.5940;5.5940;5.5940;25-Aug-2015
120488;5.5434;5.5434;5.5434;26-Aug-2015
120488;5.6750;5.6750;5.6750;27-Aug-2015
120488;5.6822;5.6822;5.6822;28-Aug-2015
120488;5.6283;5.6283;5.6283;31-Aug-2015
120488;5.4503;5.4503;5.4503;01-Sep-2015
120488;5.4400;5.4400;5.4400;02-Sep-2015
120488;5.5687;5.5687;5.5687;03-Sep-2015
120488;5.4097;5.4097;5.4097;04-Sep-2015
120488;5.3378;5.3378;5.3378;07-Sep-2015
120488;5.4725;5.4725;5.4725;08-Sep-2015
120488;5.5761;5.5761;5.5761;09-Sep-2015
120488;5.5700;5.5700;5.5700;10-Sep-2015
120488;5.5457;5.5457;5.5457;11-Sep-2015
120488;5.6161;5.6161;5.6161;14-Sep-2015
120488;5.6025;5.6025;5.6025;15-Sep-2015
120488;5.6027;5.6027;5.6027;16-Sep-2015
120488;5.6241;5.6241;5.6241;18-Sep-2015
120488;5.6359;5.6359;5.6359;21-Sep-2015
120488;5.4684;5.4684;5.4684;22-Sep-2015
120488;5.5029;5.5029;5.5029;23-Sep-2015
120488;5.4669;5.4669;5.4669;24-Sep-2015
120488;5.4044;5.4044;5.4044;28-Sep-2015
120488;5.4539;5.4539;5.4539;29-Sep-2015
120488;5.4753;5.4753;5.4753;30-Sep-2015
120488;5.4634;5.4634;5.4634;01-Oct-2015
120488;5.5887;5.5887;5.5887;05-Oct-2015
120488;5.6232;5.6232;5.6232;06-Oct-2015
120488;5.5993;5.5993;5.5993;07-Oct-2015
120488;5.5626;5.5626;5.5626;08-Oct-2015
120488;5.5876;5.5876;5.5876;09-Oct-2015
120488;5.5984;5.5984;5.5984;12-Oct-2015
120488;5.6021;5.6021;5.6021;13-Oct-2015
120488;5.5577;5.5577;5.5577;14-Oct-2015
120488;5.6847;5.6847;5.6847;15-Oct-2015
120488;5.7620;5.7620;5.7620;16-Oct-2015
120488;5.7425;5.7425;5.7425;19-Oct-2015
120488;5.7992;5.7992;5.7992;20-Oct-2015
120488;5.7634;5.7634;5.7634;21-Oct-2015
120488;5.7411;5.7411;5.7411;23-Oct-2015
120488;5.7286;5.7286;5.7286;26-Oct-2015
120488;5.7263;5.7263;5.7263;27-Oct-2015
120488;5.6429;5.6429;5.6429;28-Oct-2015
120488;5.6457;5.6457;5.6457;29-Oct-2015
120488;5.6145;5.6145;5.6145;30-Oct-2015
120488;5.6491;5.6491;5.6491;02-Nov-2015
120488;5.6530;5.6530;5.6530;03-Nov-2015
120488;5.6600;5.6600;5.6600;04-Nov-2015
120488;5.6100;5.6100;5.6100;05-Nov-2015
120488;5.6431;5.6431;5.6431;06-Nov-2015
120488;5.7048;5.7048;5.7048;09-Nov-2015
120488;5.5895;5.5895;5.5895;10-Nov-2015
120488;5.6007;5.6007;5.6007;13-Nov-2015
120488;5.6235;5.6235;5.6235;16-Nov-2015
120488;5.6311;5.6311;5.6311;17-Nov-2015
120488;5.5631;5.5631;5.5631;18-Nov-2015
120488;5.6654;5.6654;5.6654;19-Nov-2015
120488;5.6888;5.6888;5.6888;20-Nov-2015
120488;5.7093;5.7093;5.7093;23-Nov-2015
120488;5.7088;5.7088;5.7088;24-Nov-2015
120488;5.7652;5.7652;5.7652;26-Nov-2015
120488;5.7902;5.7902;5.7902;27-Nov-2015
120488;5.8298;5.8298;5.8298;30-Nov-2015
120488;5.8317;5.8317;5.8317;01-Dec-2015
120488;5.7903;5.7903;5.7903;02-Dec-2015
120488;5.7457;5.7457;5.7457;03-Dec-2015
120488;5.6914;5.6914;5.6914;04-Dec-2015
120488;5.7262;5.7262;5.7262;07-Dec-2015
120488;5.6877;5.6877;5.6877;08-Dec-2015
120488;5.6112;5.6112;5.6112;09-Dec-2015
120488;5.6471;5.6471;5.6471;10-Dec-2015
120488;5.5768;5.5768;5.5768;11-Dec-2015
120488;5.5686;5.5686;5.5686;14-Dec-2015
120488;5.6042;5.6042;5.6042;15-Dec-2015
120488;5.6354;5.6354;5.6354;16-Dec-2015
120488;5.6961;5.6961;5.6961;17-Dec-2015
120488;5.6753;5.6753;5.6753;18-Dec-2015
120488;5.7052;5.7052;5.7052;21-Dec-2015
120488;5.6889;5.6889;5.6889;22-Dec-2015
120488;5.7345;5.7345;5.7345;23-Dec-2015
120488;5.7697;5.7697;5.7697;28-Dec-2015
120488;5.7875;5.7875;5.7875;29-Dec-2015
120488;5.7812;5.7812;5.7812;30-Dec-2015
120488;5.7843;5.7843;5.7843;31-Dec-2015
120488;5.8313;5.8313;5.8313;01-Jan-2016
120488;5.6899;5.6899;5.6899;04-Jan-2016
120488;5.6822;5.6822;5.6822;05-Jan-2016
120488;5.6562;5.6562;5.6562;06-Jan-2016
120488;5.4601;5.4601;5.4601;07-Jan-2016
120488;5.5427;5.5427;5.5427;08-Jan-2016
120488;5.5312;5.5312;5.5312;11-Jan-2016
120488;5.4591;5.4591;5.4591;12-Jan-2016
120488;5.4699;5.4699;5.4699;13-Jan-2016
120488;5.4216;5.4216;5.4216;14-Jan-2016
120488;5.3292;5.3292;5.3292;15-Jan-2016
120488;5.1864;5.1864;5.1864;18-Jan-2016
120488;5.2762;5.2762;5.2762;19-Jan-2016
120488;5.1702;5.1702;5.1702;20-Jan-2016
120488;5.1560;5.1560;5.1560;21-Jan-2016
120488;5.3025;5.3025;5.3025;22-Jan-2016
120488;5.2687;5.2687;5.2687;25-Jan-2016
120488;5.2794;5.2794;5.2794;27-Jan-2016
120488;5.2356;5.2356;5.2356;28-Jan-2016
120488;5.3419;5.3419;5.3419;29-Jan-2016
120488;5.3547;5.3547;5.3547;01-Feb-2016
120488;5.2154;5.2154;5.2154;02-Feb-2016
120488;5.1936;5.1936;5.1936;03-Feb-2016
120488;5.2139;5.2139;5.2139;04-Feb-2016
120488;5.3378;5.3378;5.3378;05-Feb-2016
120488;5.3144;5.3144;5.3144;08-Feb-2016
120488;5.1448;5.1448;5.1448;09-Feb-2016
120488;5.0511;5.0511;5.0511;10-Feb-2016
120488;4.8442;4.8442;4.8442;11-Feb-2016
120488;4.8362;4.8362;4.8362;12-Feb-2016
120488;5.0577;5.0577;5.0577;15-Feb-2016
120488;4.8996;4.8996;4.8996;16-Feb-2016
120488;4.9329;4.9329;4.9329;17-Feb-2016
120488;4.9281;4.9281;4.9281;18-Feb-2016
120488;4.8938;4.8938;4.8938;19-Feb-2016
120488;4.8859;4.8859;4.8859;22-Feb-2016
120488;4.7867;4.7867;4.7867;23-Feb-2016
120488;4.7582;4.7582;4.7582;24-Feb-2016
120488;4.6587;4.6587;4.6587;25-Feb-2016
120488;4.7274;4.7274;4.7274;26-Feb-2016
120488;4.6924;4.6924;4.6924;29-Feb-2016
120488;4.8921;4.8921;4.8921;01-Mar-2016
120488;5.0179;5.0179;5.0179;02-Mar-2016
120488;5.1091;5.1091;5.1091;03-Mar-2016
120488;5.1016;5.1016;5.1016;04-Mar-2016
120488;5.0914;5.0914;5.0914;08-Mar-2016
120488;5.1428;5.1428;5.1428;09-Mar-2016
120488;5.1122;5.1122;5.1122;10-Mar-2016
120488;5.1547;5.1547;5.1547;11-Mar-2016
120488;5.1910;5.1910;5.1910;14-Mar-2016
120488;5.1829;5.1829;5.1829;15-Mar-2016
120488;5.1677;5.1677;5.1677;16-Mar-2016
120488;5.2175;5.2175;5.2175;17-Mar-2016
120488;5.2686;5.2686;5.2686;18-Mar-2016
120488;5.3450;5.3450;5.3450;21-Mar-2016
120488;5.3618;5.3618;5.3618;22-Mar-2016
120488;5.3819;5.3819;5.3819;23-Mar-2016
120488;5.2687;5.2687;5.2687;28-Mar-2016
120488;5.3056;5.3056;5.3056;29-Mar-2016
120488;5.4342;5.4342;5.4342;30-Mar-2016
120488;5.4522;5.4522;5.4522;31-Mar-2016
120488;5.4622;5.4622;5.4622;01-Apr-2016
120488;5.4703;5.4703;5.4703;04-Apr-2016
120488;5.3240;5.3240;5.3240;05-Apr-2016
120488;5.3693;5.3693;5.3693;06-Apr-2016
120488;5.3235;5.3235;5.3235;07-Apr-2016
120488;5.3329;5.3329;5.3329;08-Apr-2016
120488;5.4361;5.4361;5.4361;11-Apr-2016
120488;5.4869;5.4869;5.4869;12-Apr-2016
120488;5.5967;5.5967;5.5967;13-Apr-2016
120488;5.6372;5.6372;5.6372;18-Apr-2016
120488;5.6455;5.6455;5.6455;20-Apr-2016
120488;5.6532;5.6532;5.6532;21-Apr-2016
120488;5.6721;5.6721;5.6721;22-Apr-2016
120488;5.6042;5.6042;5.6042;25-Apr-2016
120488;5.7052;5.7052;5.7052;26-Apr-2016
120488;5.6988;5.6988;5.6988;27-Apr-2016
120488;5.6374;5.6374;5.6374;28-Apr-2016
120488;5.6235;5.6235;5.6235;29-Apr-2016
120488;5.6672;5.6672;5.6672;02-May-2016
120488;5.6542;5.6542;5.6542;03-May-2016
120488;5.5504;5.5504;5.5504;04-May-2016
120488;5.5718;5.5718;5.5718;05-May-2016
120488;5.6360;5.6360;5.6360;06-May-2016
120488;5.7248;5.7248;5.7248;09-May-2016
120488;5.7264;5.7264;5.7264;10-May-2016
120488;5.7712;5.7712;5.7712;11-May-2016
120488;5.8116;5.8116;5.8116;12-May-2016
120488;5.7881;5.7881;5.7881;13-May-2016
120488;5.8332;5.8332;5.8332;16-May-2016
120488;5.9266;5.9266;5.9266;17-May-2016
120488;5.8876;5.8876;5.8876;18-May-2016
120488;5.8296;5.8296;5.8296;19-May-2016
120488;5.8382;5.8382;5.8382;20-May-2016
120488;5.7964;5.7964;5.7964;23-May-2016
120488;5.7811;5.7811;5.7811;24-May-2016
120488;5.9006;5.9006;5.9006;25-May-2016
120488;6.0291;6.0291;6.0291;26-May-2016
120488;6.0985;6.0985;6.0985;27-May-2016
120488;6.1218;6.1218;6.1218;30-May-2016
120488;6.1798;6.1798;6.1798;31-May-2016
120488;6.1684;6.1684;6.1684;01-Jun-2016
120488;6.2569;6.2569;6.2569;02-Jun-2016
120488;6.2592;6.2592;6.2592;03-Jun-2016
120488;6.2406;6.2406;6.2406;06-Jun-2016
120488;6.2497;6.2497;6.2497;07-Jun-2016
120488;6.2575;6.2575;6.2575;08-Jun-2016
120488;6.2190;6.2190;6.2190;09-Jun-2016
120488;6.1795;6.1795;6.1795;10-Jun-2016
120488;6.1390;6.1390;6.1390;13-Jun-2016
120488;6.1325;6.1325;6.1325;14-Jun-2016
120488;6.2169;6.2169;6.2169;15-Jun-2016
120488;6.1688;6.1688;6.1688;16-Jun-2016
120488;6.1800;6.1800;6.1800;17-Jun-2016
120488;6.2149;6.2149;6.2149;20-Jun-2016
120488;6.2215;6.2215;6.2215;21-Jun-2016
120488;6.2098;6.2098;6.2098;22-Jun-2016
120488;6.2910;6.2910;6.2910;23-Jun-2016
120488;6.1337;6.1337;6.1337;24-Jun-2016
120488;6.1646;6.1646;6.1646;27-Jun-2016
120488;6.1788;6.1788;6.1788;28-Jun-2016
120488;6.2351;6.2351;6.2351;29-Jun-2016
120488;6.3582;6.3582;6.3582;30-Jun-2016
120488;6.4051;6.4051;6.4051;01-Jul-2016
120488;6.4414;6.4414;6.4414;04-Jul-2016
120488;6.4110;6.4110;6.4110;05-Jul-2016
120488;6.3624;6.3624;6.3624;07-Jul-2016
120488;6.3909;6.3909;6.3909;08-Jul-2016
120488;6.5131;6.5131;6.5131;11-Jul-2016
120488;6.5598;6.5598;6.5598;12-Jul-2016
120488;6.5300;6.5300;6.5300;13-Jul-2016
120488;6.5988;6.5988;6.5988;14-Jul-2016
120488;6.6419;6.6419;6.6419;15-Jul-2016
120488;6.6580;6.6580;6.6580;18-Jul-2016
120488;6.6874;6.6874;6.6874;19-Jul-2016
120488;6.7073;6.7073;6.7073;20-Jul-2016
120488;6.7199;6.7199;6.7199;21-Jul-2016
120488;6.7535;6.7535;6.7535;22-Jul-2016
120488;6.8440;6.8440;6.8440;25-Jul-2016
120488;6.9106;6.9106;6.9106;26-Jul-2016
120488;6.9401;6.9401;6.9401;27-Jul-2016
120488;7.0459;7.0459;7.0459;28-Jul-2016
120488;7.0511;7.0511;7.0511;29-Jul-2016
120488;7.1444;7.1444;7.1444;01-Aug-2016
120488;7.1138;7.1138;7.1138;02-Aug-2016
120488;6.9506;6.9506;6.9506;03-Aug-2016
120488;6.9711;6.9711;6.9711;04-Aug-2016
120488;7.1433;7.1433;7.1433;05-Aug-2016
120488;7.2280;7.2280;7.2280;08-Aug-2016
120488;7.1934;7.1934;7.1934;09-Aug-2016
120488;7.1047;7.1047;7.1047;10-Aug-2016
120488;7.1145;7.1145;7.1145;11-Aug-2016
120488;7.2044;7.2044;7.2044;12-Aug-2016
120488;7.2116;7.2116;7.2116;16-Aug-2016
120488;7.2183;7.2183;7.2183;17-Aug-2016
120488;7.2311;7.2311;7.2311;18-Aug-2016
120488;7.2719;7.2719;7.2719;19-Aug-2016
120488;7.2019;7.2019;7.2019;22-Aug-2016
120488;7.1537;7.1537;7.1537;23-Aug-2016
120488;7.2053;7.2053;7.2053;24-Aug-2016
120488;7.1857;7.1857;7.1857;25-Aug-2016
120488;7.2237;7.2237;7.2237;26-Aug-2016
120488;7.2927;7.2927;7.2927;29-Aug-2016
120488;7.3930;7.3930;7.3930;30-Aug-2016
120488;7.4649;7.4649;7.4649;31-Aug-2016
120488;7.4751;7.4751;7.4751;01-Sep-2016
120488;7.5319;7.5319;7.5319;02-Sep-2016
120488;7.7108;7.7108;7.7108;06-Sep-2016
120488;7.6705;7.6705;7.6705;07-Sep-2016
120488;7.7071;7.7071;7.7071;08-Sep-2016
120488;7.6079;7.6079;7.6079;09-Sep-2016
120488;7.3773;7.3773;7.3773;12-Sep-2016
120488;7.4323;7.4323;7.4323;14-Sep-2016
120488;7.4077;7.4077;7.4077;15-Sep-2016
120488;7.3983;7.3983;7.3983;16-Sep-2016
120488;7.4075;7.4075;7.4075;19-Sep-2016
120488;7.3828;7.3828;7.3828;20-Sep-2016
120488;7.3834;7.3834;7.3834;21-Sep-2016
120488;7.4950;7.4950;7.4950;22-Sep-2016
120488;7.4489;7.4489;7.4489;23-Sep-2016
120488;7.3904;7.3904;7.3904;26-Sep-2016
120488;7.3574;7.3574;7.3574;27-Sep-2016
120488;7.4162;7.4162;7.4162;28-Sep-2016
120488;7.2235;7.2235;7.2235;29-Sep-2016
120488;7.2985;7.2985;7.2985;30-Sep-2016
120488;7.4624;7.4624;7.4624;03-Oct-2016
120488;7.4839;7.4839;7.4839;04-Oct-2016
120488;7.4821;7.4821;7.4821;05-Oct-2016
120488;7.4665;7.4665;7.4665;06-Oct-2016
120488;7.4668;7.4668;7.4668;07-Oct-2016
120488;7.4554;7.4554;7.4554;10-Oct-2016
120488;7.3333;7.3333;7.3333;13-Oct-2016
120488;7.3937;7.3937;7.3937;14-Oct-2016
120488;7.3178;7.3178;7.3178;17-Oct-2016
120488;7.4339;7.4339;7.4339;18-Oct-2016
120488;7.4312;7.4312;7.4312;19-Oct-2016
120488;7.4523;7.4523;7.4523;20-Oct-2016
120488;7.4462;7.4462;7.4462;21-Oct-2016
120488;7.4440;7.4440;7.4440;24-Oct-2016
120488;7.4938;7.4938;7.4938;25-Oct-2016
120488;7.3984;7.3984;7.3984;26-Oct-2016
120488;7.2626;7.2626;7.2626;27-Oct-2016
120488;7.3167;7.3167;7.3167;28-Oct-2016
120488;7.2669;7.2669;7.2669;01-Nov-2016
120488;7.1238;7.1238;7.1238;02-Nov-2016
120488;7.0725;7.0725;7.0725;03-Nov-2016
120488;7.0041;7.0041;7.0041;04-Nov-2016
120488;7.0218;7.0218;7.0218;07-Nov-2016
120488;7.0976;7.0976;7.0976;08-Nov-2016
120488;6.9405;6.9405;6.9405;09-Nov-2016
120488;7.0097;7.0097;7.0097;10-Nov-2016
120488;6.7365;6.7365;6.7365;11-Nov-2016
120488;6.4533;6.4533;6.4533;15-Nov-2016
120488;6.5863;6.5863;6.5863;16-Nov-2016
120488;6.4900;6.4900;6.4900;17-Nov-2016
120488;6.5267;6.5267;6.5267;18-Nov-2016
120488;6.3551;6.3551;6.3551;21-Nov-2016
120488;6.4605;6.4605;6.4605;22-Nov-2016
120488;6.4953;6.4953;6.4953;23-Nov-2016
120488;6.4274;6.4274;6.4274;24-Nov-2016
120488;6.5457;6.5457;6.5457;25-Nov-2016
120488;6.5529;6.5529;6.5529;28-Nov-2016
120488;6.6135;6.6135;6.6135;29-Nov-2016
120488;6.7015;6.7015;6.7015;30-Nov-2016
120488;6.5769;6.5769;6.5769;01-Dec-2016
120488;6.4421;6.4421;6.4421;02-Dec-2016
120488;6.5131;6.5131;6.5131;05-Dec-2016
120488;6.5310;6.5310;6.5310;06-Dec-2016
120488;6.5202;6.5202;6.5202;07-Dec-2016
120488;6.6528;6.6528;6.6528;08-Dec-2016
120488;6.6560;6.6560;6.6560;09-Dec-2016
120488;6.4771;6.4771;6.4771;12-Dec-2016
120488;6.5318;6.5318;6.5318;13-Dec-2016
120488;6.5445;6.5445;6.5445;14-Dec-2016
120488;6.5393;6.5393;6.5393;15-Dec-2016
120488;6.5275;6.5275;6.5275;16-Dec-2016
120488;6.4599;6.4599;6.4599;19-Dec-2016
120488;6.3958;6.3958;6.3958;20-Dec-2016
120488;6.3739;6.3739;6.3739;21-Dec-2016
120488;6.2959;6.2959;6.2959;22-Dec-2016
120488;6.3485;6.3485;6.3485;23-Dec-2016
120488;6.2750;6.2750;6.2750;26-Dec-2016
120488;6.3698;6.3698;6.3698;27-Dec-2016
120488;6.3731;6.3731;6.3731;28-Dec-2016
120488;6.4630;6.4630;6.4630;29-Dec-2016
120488;6.5428;6.5428;6.5428;30-Dec-2016
120488;6.6112;6.6112;6.6112;02-Jan-2017
120488;6.6641;6.6641;6.6641;03-Jan-2017
120488;6.6446;6.6446;6.6446;04-Jan-2017
120488;6.7810;6.7810;6.7810;05-Jan-2017
120488;6.7591;6.7591;6.7591;06-Jan-2017
120488;6.7581;6.7581;6.7581;09-Jan-2017
120488;6.8490;6.8490;6.8490;10-Jan-2017
120488;6.9608;6.9608;6.9608;11-Jan-2017
120488;6.9812;6.9812;6.9812;12-Jan-2017
120488;6.9895;6.9895;6.9895;13-Jan-2017
120488;7.0180;7.0180;7.0180;16-Jan-2017
120488;7.0278;7.0278;7.0278;17-Jan-2017
120488;7.0866;7.0866;7.0866;18-Jan-2017
120488;7.1144;7.1144;7.1144;19-Jan-2017
120488;7.0081;7.0081;7.0081;20-Jan-2017
120488;7.0471;7.0471;7.0471;23-Jan-2017
120488;7.0783;7.0783;7.0783;24-Jan-2017
120488;7.2422;7.2422;7.2422;25-Jan-2017
120488;7.2585;7.2585;7.2585;27-Jan-2017
120488;7.2633;7.2633;7.2633;30-Jan-2017
120488;7.1908;7.1908;7.1908;31-Jan-2017
120488;7.3811;7.3811;7.3811;01-Feb-2017
120488;7.3877;7.3877;7.3877;02-Feb-2017
120488;7.3754;7.3754;7.3754;03-Feb-2017
120488;7.4522;7.4522;7.4522;06-Feb-2017
120488;7.4271;7.4271;7.4271;07-Feb-2017
120488;7.4517;7.4517;7.4517;08-Feb-2017
120488;7.4614;7.4614;7.4614;09-Feb-2017
120488;7.4574;7.4574;7.4574;10-Feb-2017
120488;7.4355;7.4355;7.4355;13-Feb-2017
120488;7.3371;7.3371;7.3371;14-Feb-2017
120488;7.2227;7.2227;7.2227;15-Feb-2017
120488;7.3056;7.3056;7.3056;16-Feb-2017
120488;7.3152;7.3152;7.3152;17-Feb-2017
120488;7.3588;7.3588;7.3588;20-Feb-2017
120488;7.4472;7.4472;7.4472;21-Feb-2017
120488;7.4485;7.4485;7.4485;22-Feb-2017
120488;7.4744;7.4744;7.4744;23-Feb-2017
120488;7.4471;7.4471;7.4471;27-Feb-2017
120488;7.4570;7.4570;7.4570;28-Feb-2017
120488;7.4475;7.4475;7.4475;01-Mar-2017
120488;7.3672;7.3672;7.3672;02-Mar-2017
120488;7.3943;7.3943;7.3943;03-Mar-2017
120488;7.4717;7.4717;7.4717;06-Mar-2017
120488;7.4545;7.4545;7.4545;07-Mar-2017
120488;7.4411;7.4411;7.4411;08-Mar-2017
120488;7.4760;7.4760;7.4760;09-Mar-2017
120488;7.4703;7.4703;7.4703;10-Mar-2017
120488;7.6247;7.6247;7.6247;14-Mar-2017
120488;7.6353;7.6353;7.6353;15-Mar-2017
120488;7.7114;7.7114;7.7114;16-Mar-2017
120488;7.6760;7.6760;7.6760;17-Mar-2017
120488;7.6446;7.6446;7.6446;20-Mar-2017
120488;7.6012;7.6012;7.6012;21-Mar-2017
120488;7.5282;7.5282;7.5282;22-Mar-2017
120488;7.6191;7.6191;7.6191;23-Mar-2017
120488;7.6363;7.6363;7.6363;24-Mar-2017
120488;7.6357;7.6357;7.6357;27-Mar-2017
120488;7.6908;7.6908;7.6908;28-Mar-2017
120488;7.7413;7.7413;7.7413;29-Mar-2017
120488;7.7503;7.7503;7.7503;30-Mar-2017
120488;7.7523;7.7523;7.7523;31-Mar-2017
120488;7.8467;7.8467;7.8467;03-Apr-2017
120488;7.9166;7.9166;7.9166;05-Apr-2017
120488;7.9318;7.9318;7.9318;06-Apr-2017
120488;7.9238;7.9238;7.9238;07-Apr-2017
120488;7.9764;7.9764;7.9764;10-Apr-2017
120488;8.0313;8.0313;8.0313;11-Apr-2017
120488;8.0246;8.0246;8.0246;12-Apr-2017
120488;7.9947;7.9947;7.9947;13-Apr-2017
120488;7.9939;7.9939;7.9939;17-Apr-2017
120488;7.9332;7.9332;7.9332;18-Apr-2017
120488;7.9769;7.9769;7.9769;19-Apr-2017
120488;7.9719;7.9719;7.9719;20-Apr-2017
120488;7.9383;7.9383;7.9383;21-Apr-2017
120488;8.0540;8.0540;8.0540;24-Apr-2017
120488;8.1611;8.1611;8.1611;25-Apr-2017
120488;8.1486;8.1486;8.1486;26-Apr-2017
120488;8.1640;8.1640;8.1640;27-Apr-2017
120488;8.1571;8.1571;8.1571;28-Apr-2017
120488;8.1751;8.1751;8.1751;02-May-2017
120488;8.1527;8.1527;8.1527;03-May-2017
120488;8.2111;8.2111;8.2111;04-May-2017
120488;8.1193;8.1193;8.1193;05-May-2017
120488;8.1449;8.1449;8.1449;08-May-2017
120488;8.1908;8.1908;8.1908;09-May-2017
120488;8.2737;8.2737;8.2737;10-May-2017
120488;8.2740;8.2740;8.2740;11-May-2017
120488;8.1650;8.1650;8.1650;12-May-2017
120488;8.2343;8.2343;8.2343;15-May-2017
120488;8.2609;8.2609;8.2609;16-May-2017
120488;8.2227;8.2227;8.2227;17-May-2017
120488;8.0731;8.0731;8.0731;18-May-2017
120488;8.0522;8.0522;8.0522;19-May-2017
120488;7.9773;7.9773;7.9773;22-May-2017
120488;7.9033;7.9033;7.9033;23-May-2017
120488;7.9565;7.9565;7.9565;24-May-2017
120488;8.1726;8.1726;8.1726;25-May-2017
120488;8.3996;8.3996;8.3996;26-May-2017
120488;8.3367;8.3367;8.3367;29-May-2017
120488;8.3606;8.3606;8.3606;30-May-2017
120488;8.3637;8.3637;8.3637;31-May-2017
120488;8.3936;8.3936;8.3936;01-Jun-2017
120488;8.4298;8.4298;8.4298;02-Jun-2017
120488;8.4634;8.4634;8.4634;05-Jun-2017
120488;8.3953;8.3953;8.3953;06-Jun-2017
120488;8.3780;8.3780;8.3780;07-Jun-2017
120488;8.3541;8.3541;8.3541;08-Jun-2017
120488;8.4430;8.4430;8.4430;09-Jun-2017
120488;8.3825;8.3825;8.3825;12-Jun-2017
120488;8.3823;8.3823;8.3823;13-Jun-2017
120488;8.3603;8.3603;8.3603;14-Jun-2017
120488;8.3267;8.3267;8.3267;15-Jun-2017
120488;8.3358;8.3358;8.3358;16-Jun-2017
120488;8.3385;8.3385;8.3385;19-Jun-2017
120488;8.3675;8.3675;8.3675;20-Jun-2017
120488;8.3470;8.3470;8.3470;21-Jun-2017
120488;8.3018;8.3018;8.3018;22-Jun-2017
120488;8.2153;8.2153;8.2153;23-Jun-2017
120488;8.1055;8.1055;8.1055;27-Jun-2017
120488;8.1324;8.1324;8.1324;28-Jun-2017
120488;8.1237;8.1237;8.1237;29-Jun-2017
120488;8.1346;8.1346;8.1346;30-Jun-2017
120488;8.2273;8.2273;8.2273;03-Jul-2017
120488;8.1912;8.1912;8.1912;04-Jul-2017
120488;8.2729;8.2729;8.2729;05-Jul-2017
120488;8.2943;8.2943;8.2943;06-Jul-2017
120488;8.2827;8.2827;8.2827;07-Jul-2017
120488;8.3535;8.3535;8.3535;10-Jul-2017
120488;8.3754;8.3754;8.3754;11-Jul-2017
120488;8.4482;8.4482;8.4482;12-Jul-2017
120488;8.5684;8.5684;8.5684;13-Jul-2017
120488;8.5445;8.5445;8.5445;14-Jul-2017
120488;8.5223;8.5223;8.5223;17-Jul-2017
120488;8.5234;8.5234;8.5234;18-Jul-2017
120488;8.6002;8.6002;8.6002;19-Jul-2017
120488;8.5848;8.5848;8.5848;20-Jul-2017
120488;8.6111;8.6111;8.6111;21-Jul-2017
120488;8.6138;8.6138;8.6138;24-Jul-2017
120488;8.6388;8.6388;8.6388;25-Jul-2017
120488;8.7131;8.7131;8.7131;26-Jul-2017
120488;8.7803;8.7803;8.7803;27-Jul-2017
120488;8.7983;8.7983;8.7983;28-Jul-2017
120488;8.8811;8.8811;8.8811;31-Jul-2017
120488;8.9907;8.9907;8.9907;01-Aug-2017
120488;8.9636;8.9636;8.9636;02-Aug-2017
120488;8.8987;8.8987;8.8987;03-Aug-2017
120488;9.0119;9.0119;9.0119;04-Aug-2017
120488;9.1045;9.1045;9.1045;07-Aug-2017
120488;8.9946;8.9946;8.9946;08-Aug-2017
120488;8.8615;8.8615;8.8615;09-Aug-2017
120488;8.6958;8.6958;8.6958;10-Aug-2017
120488;8.7364;8.7364;8.7364;11-Aug-2017
120488;8.9043;8.9043;8.9043;14-Aug-2017
120488;8.9509;8.9509;8.9509;16-Aug-2017
120488;8.8902;8.8902;8.8902;17-Aug-2017
120488;8.8673;8.8673;8.8673;18-Aug-2017
120488;8.7940;8.7940;8.7940;21-Aug-2017
120488;8.7968;8.7968;8.7968;22-Aug-2017
120488;8.9114;8.9114;8.9114;23-Aug-2017
120488;8.9053;8.9053;8.9053;24-Aug-2017
120488;9.0020;9.0020;9.0020;28-Aug-2017
120488;8.8918;8.8918;8.8918;29-Aug-2017
120488;9.0056;9.0056;9.0056;30-Aug-2017
120488;9.0241;9.0241;9.0241;31-Aug-2017
120488;9.0990;9.0990;9.0990;01-Sep-2017
120488;9.0312;9.0312;9.0312;04-Sep-2017
120488;9.0815;9.0815;9.0815;05-Sep-2017
120488;9.1128;9.1128;9.1128;06-Sep-2017
120488;9.1915;9.1915;9.1915;07-Sep-2017
120488;9.1892;9.1892;9.1892;08-Sep-2017
120488;9.3724;9.3724;9.3724;11-Sep-2017
120488;9.4879;9.4879;9.4879;12-Sep-2017
120488;9.4103;9.4103;9.4103;13-Sep-2017
120488;9.4067;9.4067;9.4067;14-Sep-2017
120488;9.3787;9.3787;9.3787;15-Sep-2017
120488;9.4407;9.4407;9.4407;18-Sep-2017
120488;9.4876;9.4876;9.4876;19-Sep-2017
120488;9.4431;9.4431;9.4431;20-Sep-2017
120488;9.4006;9.4006;9.4006;21-Sep-2017
120488;9.1744;9.1744;9.1744;22-Sep-2017
120488;9.0573;9.0573;9.0573;25-Sep-2017
120488;9.0839;9.0839;9.0839;26-Sep-2017
120488;8.9595;8.9595;8.9595;27-Sep-2017
120488;8.9521;8.9521;8.9521;28-Sep-2017
120488;9.0376;9.0376;9.0376;29-Sep-2017
120488;9.1232;9.1232;9.1232;03-Oct-2017
120488;9.1701;9.1701;9.1701;04-Oct-2017
120488;9.1688;9.1688;9.1688;05-Oct-2017
120488;9.2817;9.2817;9.2817;06-Oct-2017
120488;9.2575;9.2575;9.2575;09-Oct-2017
120488;9.2995;9.2995;9.2995;10-Oct-2017
120488;9.2851;9.2851;9.2851;11-Oct-2017
120488;9.3445;9.3445;9.3445;12-Oct-2017
120488;9.3751;9.3751;9.3751;13-Oct-2017
120488;9.3738;9.3738;9.3738;16-Oct-2017
120488;9.4441;9.4441;9.4441;17-Oct-2017
120488;9.3990;9.3990;9.3990;18-Oct-2017
120488;9.3954;9.3954;9.3954;23-Oct-2017
120488;9.3822;9.3822;9.3822;24-Oct-2017
120488;9.2634;9.2634;9.2634;25-Oct-2017
120488;9.3343;9.3343;9.3343;26-Oct-2017
120488;9.2853;9.2853;9.2853;27-Oct-2017
120488;9.3799;9.3799;9.3799;30-Oct-2017
120488;9.3364;9.3364;9.3364;31-Oct-2017
120488;9.3792;9.3792;9.3792;01-Nov-2017
120488;9.3514;9.3514;9.3514;02-Nov-2017
120488;9.4060;9.4060;9.4060;03-Nov-2017
120488;9.3847;9.3847;9.3847;06-Nov-2017
120488;9.3182;9.3182;9.3182;07-Nov-2017
120488;9.2546;9.2546;9.2546;08-Nov-2017
120488;9.2793;9.2793;9.2793;09-Nov-2017
120488;9.2235;9.2235;9.2235;10-Nov-2017
120488;9.1936;9.1936;9.1936;13-Nov-2017
120488;9.1515;9.1515;9.1515;14-Nov-2017
120488;9.0989;9.0989;9.0989;15-Nov-2017
120488;9.1785;9.1785;9.1785;16-Nov-2017
120488;9.2660;9.2660;9.2660;17-Nov-2017
120488;9.2973;9.2973;9.2973;20-Nov-2017
120488;9.2720;9.2720;9.2720;21-Nov-2017
120488;9.2779;9.2779;9.2779;22-Nov-2017
120488;9.2715;9.2715;9.2715;23-Nov-2017
120488;9.2911;9.2911;9.2911;24-Nov-2017
120488;9.3179;9.3179;9.3179;27-Nov-2017
120488;9.2991;9.2991;9.2991;28-Nov-2017
120488;9.2750;9.2750;9.2750;29-Nov-2017
120488;9.1977;9.1977;9.1977;30-Nov-2017
120488;9.1005;9.1005;9.1005;01-Dec-2017
120488;9.0389;9.0389;9.0389;04-Dec-2017
120488;9.0879;9.0879;9.0879;05-Dec-2017
120488;8.9793;8.9793;8.9793;06-Dec-2017
120488;9.1700;9.1700;9.1700;07-Dec-2017
120488;9.2290;9.2290;9.2290;08-Dec-2017
120488;9.2332;9.2332;9.2332;11-Dec-2017
120488;9.1355;9.1355;9.1355;12-Dec-2017
120488;9.0994;9.0994;9.0994;13-Dec-2017
120488;9.1684;9.1684;9.1684;14-Dec-2017
120488;9.2885;9.2885;9.2885;15-Dec-2017
120488;9.3394;9.3394;9.3394;18-Dec-2017
120488;9.4250;9.4250;9.4250;19-Dec-2017
120488;9.4199;9.4199;9.4199;20-Dec-2017
120488;9.4189;9.4189;9.4189;21-Dec-2017
120488;9.4785;9.4785;9.4785;22-Dec-2017
120488;9.4988;9.4988;9.4988;26-Dec-2017
120488;9.4662;9.4662;9.4662;27-Dec-2017
120488;9.4191;9.4191;9.4191;28-Dec-2017
120488;9.4558;9.4558;9.4558;29-Dec-2017
120488;9.3825;9.3825;9.3825;01-Jan-2018
120488;9.3378;9.3378;9.3378;02-Jan-2018
120488;9.3484;9.3484;9.3484;03-Jan-2018
120488;9.4385;9.4385;9.4385;04-Jan-2018
120488;9.5749;9.5749;9.5749;05-Jan-2018
120488;9.6695;9.6695;9.6695;08-Jan-2018
120488;9.6810;9.6810;9.6810;09-Jan-2018
120488;9.6285;9.6285;9.6285;10-Jan-2018
120488;9.6225;9.6225;9.6225;11-Jan-2018
120488;9.6159;9.6159;9.6159;12-Jan-2018
120488;9.5879;9.5879;9.5879;15-Jan-2018
120488;9.4517;9.4517;9.4517;16-Jan-2018
120488;9.5005;9.5005;9.5005;17-Jan-2018
120488;9.4183;9.4183;9.4183;18-Jan-2018
120488;9.5085;9.5085;9.5085;19-Jan-2018
120488;9.5554;9.5554;9.5554;22-Jan-2018
120488;9.5895;9.5895;9.5895;23-Jan-2018
120488;9.5680;9.5680;9.5680;24-Jan-2018
120488;9.5195;9.5195;9.5195;25-Jan-2018
120488;9.5569;9.5569;9.5569;29-Jan-2018
120488;9.5153;9.5153;9.5153;30-Jan-2018
120488;9.4805;9.4805;9.4805;31-Jan-2018
120488;9.5380;9.5380;9.5380;01-Feb-2018
120488;9.1746;9.1746;9.1746;02-Feb-2018
120488;9.1463;9.1463;9.1463;05-Feb-2018
120488;9.0860;9.0860;9.0860;06-Feb-2018
120488;9.1105;9.1105;9.1105;07-Feb-2018
120488;9.1943;9.1943;9.1943;08-Feb-2018
120488;9.1072;9.1072;9.1072;09-Feb-2018
120488;9.1918;9.1918;9.1918;12-Feb-2018
120488;9.1766;9.1766;9.1766;14-Feb-2018
120488;9.1620;9.1620;9.1620;15-Feb-2018
120488;9.0561;9.0561;9.0561;16-Feb-2018
120488;8.9195;8.9195;8.9195;19-Feb-2018
120488;8.9017;8.9017;8.9017;20-Feb-2018
120488;8.9347;8.9347;8.9347;21-Feb-2018
120488;8.9005;8.9005;8.9005;22-Feb-2018
120488;9.0133;9.0133;9.0133;23-Feb-2018
120488;9.1712;9.1712;9.1712;26-Feb-2018
120488;9.1423;9.1423;9.1423;27-Feb-2018
120488;9.0743;9.0743;9.0743;28-Feb-2018
120488;9.0619;9.0619;9.0619;01-Mar-2018
120488;8.9664;8.9664;8.9664;05-Mar-2018
120488;8.9081;8.9081;8.9081;06-Mar-2018
120488;8.8494;8.8494;8.8494;07-Mar-2018
120488;8.8968;8.8968;8.8968;08-Mar-2018
120488;8.8737;8.8737;8.8737;09-Mar-2018
120488;8.9848;8.9848;8.9848;12-Mar-2018
120488;9.0910;9.0910;9.0910;13-Mar-2018
120488;9.1085;9.1085;9.1085;14-Mar-2018
120488;9.0944;9.0944;9.0944;15-Mar-2018
120488;8.9424;8.9424;8.9424;16-Mar-2018
120488;8.8163;8.8163;8.8163;19-Mar-2018
120488;8.8458;8.8458;8.8458;20-Mar-2018
120488;8.8744;8.8744;8.8744;21-Mar-2018
120488;8.8262;8.8262;8.8262;22-Mar-2018
120488;8.7044;8.7044;8.7044;23-Mar-2018
120488;8.8398;8.8398;8.8398;26-Mar-2018
120488;8.9296;8.9296;8.9296;27-Mar-2018
120488;8.9228;8.9228;8.9228;28-Mar-2018
120488;9.0683;9.0683;9.0683;02-Apr-2018
120488;9.1439;9.1439;9.1439;03-Apr-2018
120488;8.9985;8.9985;8.9985;04-Apr-2018
120488;9.1973;9.1973;9.1973;05-Apr-2018
120488;9.2611;9.2611;9.2611;06-Apr-2018
120488;9.3298;9.3298;9.3298;09-Apr-2018
120488;9.3229;9.3229;9.3229;10-Apr-2018
120488;9.2246;9.2246;9.2246;11-Apr-2018
120488;9.2405;9.2405;9.2405;12-Apr-2018
120488;9.1940;9.1940;9.1940;13-Apr-2018
120488;9.2813;9.2813;9.2813;16-Apr-2018
120488;9.2796;9.2796;9.2796;17-Apr-2018
120488;9.2277;9.2277;9.2277;18-Apr-2018
120488;9.2164;9.2164;9.2164;19-Apr-2018
120488;9.1119;9.1119;9.1119;20-Apr-2018
120488;9.1743;9.1743;9.1743;23-Apr-2018
120488;9.2168;9.2168;9.2168;24-Apr-2018
120488;9.1338;9.1338;9.1338;25-Apr-2018
120488;9.1610;9.1610;9.1610;26-Apr-2018
120488;9.2123;9.2123;9.2123;27-Apr-2018
120488;9.3120;9.3120;9.3120;30-Apr-2018
120488;9.2626;9.2626;9.2626;02-May-2018
120488;9.1638;9.1638;9.1638;03-May-2018
120488;9.1258;9.1258;9.1258;04-May-2018
120488;9.2240;9.2240;9.2240;07-May-2018
120488;9.1945;9.1945;9.1945;08-May-2018
120488;9.2002;9.2002;9.2002;09-May-2018
120488;9.1149;9.1149;9.1149;10-May-2018
120488;9.2757;9.2757;9.2757;11-May-2018
120488;9.2429;9.2429;9.2429;14-May-2018
120488;9.2615;9.2615;9.2615;15-May-2018
120488;9.2311;9.2311;9.2311;16-May-2018
120488;9.3343;9.3343;9.3343;17-May-2018
120488;9.2500;9.2500;9.2500;18-May-2018
120488;9.0924;9.0924;9.0924;21-May-2018
120488;9.1384;9.1384;9.1384;22-May-2018
120488;8.9904;8.9904;8.9904;23-May-2018
120488;8.9841;8.9841;8.9841;24-May-2018
120488;9.1007;9.1007;9.1007;25-May-2018
120488;9.2892;9.2892;9.2892;28-May-2018
120488;9.2272;9.2272;9.2272;29-May-2018
120488;9.2536;9.2536;9.2536;30-May-2018
120488;9.2986;9.2986;9.2986;31-May-2018
120488;9.2226;9.2226;9.2226;01-Jun-2018
120488;9.1633;9.1633;9.1633;04-Jun-2018
120488;9.1203;9.1203;9.1203;05-Jun-2018
120488;9.1857;9.1857;9.1857;06-Jun-2018
120488;9.2311;9.2311;9.2311;07-Jun-2018
120488;9.2401;9.2401;9.2401;08-Jun-2018
120488;9.2700;9.2700;9.2700;11-Jun-2018
120488;9.2781;9.2781;9.2781;12-Jun-2018
120488;9.2197;9.2197;9.2197;13-Jun-2018
120488;9.2343;9.2343;9.2343;14-Jun-2018
120488;9.1683;9.1683;9.1683;15-Jun-2018
120488;9.1702;9.1702;9.1702;18-Jun-2018
120488;9.1135;9.1135;9.1135;19-Jun-2018
120488;9.1302;9.1302;9.1302;20-Jun-2018
120488;9.0602;9.0602;9.0602;21-Jun-2018
120488;9.1402;9.1402;9.1402;22-Jun-2018
120488;9.0712;9.0712;9.0712;25-Jun-2018
120488;9.1436;9.1436;9.1436;26-Jun-2018
120488;9.0317;9.0317;9.0317;27-Jun-2018
120488;8.9008;8.9008;8.9008;28-Jun-2018
120488;9.0285;9.0285;9.0285;29-Jun-2018
120488;8.9839;8.9839;8.9839;02-Jul-2018
120488;9.0254;;;03-Jul-2018
120488;9.0619;;;04-Jul-2018
120488;9.1438;;;05-Jul-2018
120488;9.1895;;;06-Jul-2018
120488;9.3162;;;09-Jul-2018
120488;9.4154;;;10-Jul-2018
120488;9.3689;;;11-Jul-2018
120488;9.4258;;;12-Jul-2018
120488;9.4291;;;13-Jul-2018
120488;9.3098;;;16-Jul-2018
120488;9.4115;;;17-Jul-2018
120488;9.4569;;;18-Jul-2018
120488;9.4912;;;19-Jul-2018
120488;9.5978;;;20-Jul-2018
120488;9.7833;;;23-Jul-2018
120488;9.9584;;;24-Jul-2018
120488;9.9408;;;25-Jul-2018
120488;9.8397;;;26-Jul-2018
120488;9.8675;;;27-Jul-2018
120488;9.8357;;;30-Jul-2018
120488;9.8622;;;31-Jul-2018
120488;9.8650;;;01-Aug-2018
120488;9.7934;;;02-Aug-2018
120488;9.8527;;;03-Aug-2018
120488;9.8407;;;06-Aug-2018
120488;9.9056;;;07-Aug-2018
120488;9.9318;;;08-Aug-2018
120488;9.9221;;;09-Aug-2018
120488;9.9199;;;10-Aug-2018
120488;9.8056;;;13-Aug-2018
120488;9.8987;;;14-Aug-2018
120488;9.8299;;;16-Aug-2018
120488;9.9639;;;17-Aug-2018
120488;10.0665;;;20-Aug-2018
120488;10.0658;;;21-Aug-2018
120488;10.0776;;;23-Aug-2018
120488;10.0212;;;24-Aug-2018
120488;10.1166;;;27-Aug-2018
120488;10.1300;;;28-Aug-2018
120488;10.1162;;;29-Aug-2018
120488;10.0659;;;30-Aug-2018
120488;10.0165;;;31-Aug-2018
120488;9.9164;;;03-Sep-2018
120488;9.7294;;;04-Sep-2018
120488;9.6987;;;05-Sep-2018
120488;9.6953;;;06-Sep-2018
120488;9.6883;;;07-Sep-2018
120488;9.5342;;;10-Sep-2018
120488;9.3863;;;11-Sep-2018
120488;9.3889;;;12-Sep-2018
120488;9.6226;;;14-Sep-2018
120488;9.4769;;;17-Sep-2018
120488;9.3482;;;18-Sep-2018
120488;9.3071;;;19-Sep-2018
120488;8.9643;;;21-Sep-2018
120488;8.8491;;;24-Sep-2018
120488;8.8928;;;25-Sep-2018
120488;8.9250;;;26-Sep-2018
120488;8.7515;;;27-Sep-2018
120488;8.5962;;;28-Sep-2018
120488;8.6699;;;01-Oct-2018
120488;8.6249;;;03-Oct-2018
120488;8.4614;;;04-Oct-2018
120488;8.2947;;;05-Oct-2018
120488;8.3015;;;08-Oct-2018
120488;8.2225;;;09-Oct-2018
120488;8.4653;;;10-Oct-2018
120488;8.3283;;;11-Oct-2018
120488;8.5716;;;12-Oct-2018
120488;8.5304;;;15-Oct-2018
120488;8.6329;;;16-Oct-2018
120488;8.4090;;;17-Oct-2018
120488;8.2524;;;19-Oct-2018
120488;8.1741;;;22-Oct-2018
120488;8.0925;;;23-Oct-2018
120488;8.2160;;;24-Oct-2018
120488;8.1663;;;25-Oct-2018
120488;8.1085;;;26-Oct-2018
120488;8.2199;;;29-Oct-2018
120488;8.2158;;;30-Oct-2018
120488;8.4229;;;31-Oct-2018
120488;8.4847;;;01-Nov-2018
120488;8.6265;;;02-Nov-2018
120488;8.5993;;;05-Nov-2018
120488;8.5603;;;06-Nov-2018
120488;8.7523;;;09-Nov-2018
120488;8.6961;;;12-Nov-2018
120488;8.7581;;;13-Nov-2018
120488;8.7670;;;14-Nov-2018
120488;8.8275;;;15-Nov-2018
120488;8.8237;;;16-Nov-2018
120488;8.8878;;;19-Nov-2018
120488;8.7839;;;20-Nov-2018
120488;8.8462;;;21-Nov-2018
120488;8.7656;;;22-Nov-2018
120488;8.8656;;;26-Nov-2018
120488;8.8466;;;27-Nov-2018
120488;8.7390;;;28-Nov-2018
120488;8.8400;;;29-Nov-2018
120488;8.9148;;;30-Nov-2018
120488;8.9584;;;03-Dec-2018
120488;8.9263;;;04-Dec-2018
120488;8.8502;;;05-Dec-2018
120488;8.6677;;;06-Dec-2018
120488;8.7510;;;07-Dec-2018
120488;8.6168;;;10-Dec-2018
120488;8.7241;;;11-Dec-2018
120488;8.9063;;;12-Dec-2018
120488;8.9284;;;13-Dec-2018
120488;8.9746;;;14-Dec-2018
120488;9.0138;;;17-Dec-2018
120488;9.0364;;;18-Dec-2018
120488;9.1435;;;19-Dec-2018
120488;9.1655;;;20-Dec-2018
120488;9.0174;;;21-Dec-2018
120488;8.9074;;;24-Dec-2018
120488;8.9460;;;26-Dec-2018
120488;8.9525;;;27-Dec-2018
120488;9.0559;;;28-Dec-2018
120488;9.0736;;;31-Dec-2018
120488;9.0972;;;01-Jan-2019
120488;9.0224;;;02-Jan-2019
120488;8.9583;;;03-Jan-2019
120488;8.9191;;;04-Jan-2019
120488;8.9476;;;07-Jan-2019
120488;8.9633;;;08-Jan-2019
120488;8.9167;;;09-Jan-2019
120488;8.9283;;;10-Jan-2019
120488;8.8860;;;11-Jan-2019
120488;8.8653;;;14-Jan-2019
120488;8.9534;;;15-Jan-2019
120488;8.9673;;;16-Jan-2019
120488;8.9568;;;17-Jan-2019
120488;8.9154;;;18-Jan-2019
120488;8.9207;;;21-Jan-2019
120488;8.9479;;;22-Jan-2019
120488;8.9505;;;23-Jan-2019
120488;9.0439;;;24-Jan-2019
120488;8.9515;;;25-Jan-2019
120488;8.7958;;;28-Jan-2019
120488;8.8307;;;29-Jan-2019
120488;8.8375;;;30-Jan-2019
120488;8.9256;;;31-Jan-2019
120488;8.9921;;;01-Feb-2019
120488;8.9408;;;04-Feb-2019
120488;8.9952;;;05-Feb-2019
120488;9.1277;;;06-Feb-2019
120488;9.1493;;;07-Feb-2019
120488;9.0900;;;08-Feb-2019
120488;9.0453;;;11-Feb-2019
120488;9.0210;;;12-Feb-2019
120488;8.9083;;;13-Feb-2019
120488;9.1064;;;14-Feb-2019
120488;9.0636;;;15-Feb-2019
120488;8.9962;;;18-Feb-2019
120488;8.9862;;;19-Feb-2019
120488;9.1033;;;20-Feb-2019
120488;9.1620;;;21-Feb-2019
120488;9.1928;;;22-Feb-2019
120488;9.2745;;;25-Feb-2019
120488;9.2888;;;26-Feb-2019
120488;9.2803;;;27-Feb-2019
120488;9.3201;;;28-Feb-2019
120488;9.3817;;;01-Mar-2019
120488;9.4866;;;05-Mar-2019
120488;9.5387;;;06-Mar-2019
120488;9.5148;;;07-Mar-2019
120488;9.5404;;;08-Mar-2019
120488;9.6919;;;11-Mar-2019
120488;9.7478;;;12-Mar-2019
120488;9.7913;;;13-Mar-2019
120488;9.7666;;;14-Mar-2019
120488;9.7859;;;15-Mar-2019
120488;9.8174;;;18-Mar-2019
120488;9.8567;;;19-Mar-2019
120488;9.8412;;;20-Mar-2019
120488;9.8335;;;22-Mar-2019
120488;9.7516;;;25-Mar-2019
120488;9.8546;;;26-Mar-2019
120488;9.8854;;;27-Mar-2019
120488;10.0430;;;28-Mar-2019
120488;10.1206;;;29-Mar-2019
120488;10.1205;;;31-Mar-2019
120488;10.1342;;;01-Apr-2019
120488;10.1693;;;02-Apr-2019
120488;10.0884;;;03-Apr-2019
120488;10.0514;;;04-Apr-2019
120488;10.0938;;;05-Apr-2019
120488;10.0253;;;08-Apr-2019
120488;10.0530;;;09-Apr-2019
120488;9.9875;;;10-Apr-2019
120488;10.0398;;;11-Apr-2019
120488;10.0501;;;12-Apr-2019
120488;10.0661;;;15-Apr-2019
120488;10.1672;;;16-Apr-2019
120488;10.1036;;;18-Apr-2019
120488;9.9669;;;22-Apr-2019
120488;9.9133;;;23-Apr-2019
120488;10.0071;;;24-Apr-2019
120488;9.9817;;;25-Apr-2019
120488;10.0006;;;26-Apr-2019
120488;9.7539;;;30-Apr-2019
120488;9.7741;;;02-May-2019
120488;9.7550;;;03-May-2019
120488;9.6263;;;06-May-2019
120488;9.6093;;;07-May-2019
120488;9.5030;;;08-May-2019
120488;9.5183;;;09-May-2019
120488;9.4871;;;10-May-2019
120488;9.3971;;;13-May-2019
120488;9.3878;;;14-May-2019
120488;9.3267;;;15-May-2019
120488;9.3456;;;16-May-2019
120488;9.5204;;;17-May-2019
120488;9.8303;;;20-May-2019
120488;9.7941;;;21-May-2019
120488;9.7547;;;22-May-2019
120488;9.7168;;;23-May-2019
120488;9.8537;;;24-May-2019
120488;9.9618;;;27-May-2019
120488;9.9706;;;28-May-2019
120488;9.9080;;;29-May-2019
120488;9.9507;;;30-May-2019
120488;9.9812;;;31-May-2019
120488;10.1174;;;03-Jun-2019
120488;10.0883;;;04-Jun-2019
120488;9.8998;;;06-Jun-2019
120488;9.9556;;;07-Jun-2019
120488;9.9850;;;10-Jun-2019
120488;10.0236;;;11-Jun-2019
120488;9.9052;;;12-Jun-2019
120488;9.8413;;;13-Jun-2019
120488;9.7641;;;14-Jun-2019
120488;9.6268;;;17-Jun-2019
120488;9.6265;;;18-Jun-2019
