Scheme Code;Net Asset Value;Repurchase Price;Sale Price;Date
135800;10.0041;9.9041;10.0041;29-Dec-2015
135800;9.9755;9.8757;9.9755;30-Dec-2015
135800;10.0027;9.9027;10.0027;31-Dec-2015
135800;9.9981;9.8981;9.9981;01-Jan-2016
135800;9.9735;9.8738;9.9735;04-Jan-2016
135800;9.9680;9.8683;9.9680;05-Jan-2016
135800;9.9617;9.8621;9.9617;06-Jan-2016
135800;9.9246;9.8254;9.9246;07-Jan-2016
135800;9.9440;9.8446;9.9440;08-Jan-2016
135800;9.9406;9.8412;9.9406;11-Jan-2016
135800;9.9363;9.8369;9.9363;12-Jan-2016
135800;9.9420;9.8426;9.9420;13-Jan-2016
135800;10.0281;9.9278;10.0281;14-Jan-2016
135800;9.9929;9.8930;9.9929;15-Jan-2016
135800;9.9366;9.8372;9.9366;18-Jan-2016
135800;9.9251;9.8258;9.9251;19-Jan-2016
135800;9.8460;9.7475;9.8460;20-Jan-2016
135800;9.9318;9.8325;9.9318;21-Jan-2016
135800;9.9368;9.8374;9.9368;22-Jan-2016
135800;9.9846;9.8848;9.9846;25-Jan-2016
135800;10.0331;9.9328;10.0331;27-Jan-2016
135800;10.0199;9.9197;10.0199;28-Jan-2016
135800;10.2423;10.1399;10.2423;29-Jan-2016
135800;10.2843;10.1815;10.2843;01-Feb-2016
135800;10.3030;10.2000;10.3030;02-Feb-2016
135800;10.1779;10.0761;10.1779;03-Feb-2016
135800;10.2835;10.1807;10.2835;04-Feb-2016
135800;10.2741;10.1714;10.2741;05-Feb-2016
135800;10.1088;10.0077;10.1088;08-Feb-2016
135800;9.8279;9.7296;9.8279;09-Feb-2016
135800;9.8237;9.7255;9.8237;10-Feb-2016
135800;9.6034;9.5074;9.6034;11-Feb-2016
135800;9.6019;9.5059;9.6019;12-Feb-2016
135800;9.7392;9.6418;9.7392;15-Feb-2016
135800;9.6658;9.5691;9.6658;16-Feb-2016
135800;9.7496;9.6521;9.7496;17-Feb-2016
135800;9.9088;9.8097;9.9088;18-Feb-2016
135800;9.9217;9.8225;9.9217;19-Feb-2016
135800;9.9050;9.8060;9.9050;22-Feb-2016
135800;9.8573;9.7587;9.8573;23-Feb-2016
135800;9.7963;9.6983;9.7963;24-Feb-2016
135800;9.7162;9.6190;9.7162;25-Feb-2016
135800;9.7460;9.6485;9.7460;26-Feb-2016
135800;9.5602;9.4646;9.5602;29-Feb-2016
135800;9.8710;9.7723;9.8710;01-Mar-2016
135800;10.0522;9.9517;10.0522;02-Mar-2016
135800;10.1838;10.0820;10.1838;03-Mar-2016
135800;10.1288;10.0275;10.1288;04-Mar-2016
135800;10.0789;9.9781;10.0789;08-Mar-2016
135800;10.0723;9.9716;10.0723;09-Mar-2016
135800;9.9529;9.8534;9.9529;10-Mar-2016
135800;9.9453;9.8458;9.9453;11-Mar-2016
135800;9.9452;9.8457;9.9452;14-Mar-2016
135800;9.8896;9.7907;9.8896;15-Mar-2016
135800;10.0083;9.9082;10.0083;16-Mar-2016
135800;10.0691;9.9684;10.0691;17-Mar-2016
135800;10.2719;10.1692;10.2719;18-Mar-2016
135800;10.3248;10.2216;10.3248;21-Mar-2016
135800;10.3135;10.2104;10.3135;22-Mar-2016
135800;10.4023;10.2983;10.4023;23-Mar-2016
135800;10.3580;10.2544;10.3580;28-Mar-2016
135800;10.3418;10.2384;10.3418;29-Mar-2016
135800;10.4299;10.3256;10.4299;30-Mar-2016
135800;10.4661;10.3614;10.4661;31-Mar-2016
135800;10.3901;10.2862;10.3901;01-Apr-2016
135800;10.5491;10.4436;10.5491;04-Apr-2016
135800;10.4291;10.3248;10.4291;05-Apr-2016
135800;10.3858;10.2819;10.3858;06-Apr-2016
135800;10.2827;10.1799;10.2827;07-Apr-2016
135800;10.2159;10.1137;10.2159;08-Apr-2016
135800;10.3642;10.2606;10.3642;11-Apr-2016
135800;10.3735;10.2698;10.3735;12-Apr-2016
135800;10.3623;10.2587;10.3623;13-Apr-2016
135800;10.7120;10.6049;10.7120;18-Apr-2016
135800;10.6752;10.5684;10.6752;20-Apr-2016
135800;10.5235;10.4183;10.5235;21-Apr-2016
135800;10.4480;10.3435;10.4480;22-Apr-2016
135800;10.4492;10.3447;10.4492;25-Apr-2016
135800;10.5348;10.4295;10.5348;26-Apr-2016
135800;10.5724;10.4667;10.5724;27-Apr-2016
135800;10.4200;10.3158;10.4200;28-Apr-2016
135800;10.3617;10.2581;10.3617;29-Apr-2016
135800;10.3038;10.2008;10.3038;02-May-2016
135800;10.1599;10.0583;10.1599;03-May-2016
135800;10.1766;10.0748;10.1766;04-May-2016
135800;10.1893;10.0874;10.1893;05-May-2016
135800;10.1290;10.0277;10.1290;06-May-2016
135800;10.2210;10.1188;10.2210;09-May-2016
135800;10.2477;10.1452;10.2477;10-May-2016
135800;10.1928;10.0909;10.1928;11-May-2016
135800;10.2975;10.1945;10.2975;12-May-2016
135800;10.2401;10.1377;10.2401;13-May-2016
135800;10.2845;10.1817;10.2845;16-May-2016
135800;10.3034;10.2004;10.3034;17-May-2016
135800;10.3123;10.2092;10.3123;18-May-2016
135800;10.2703;10.1676;10.2703;19-May-2016
135800;10.2120;10.1099;10.2120;20-May-2016
135800;10.1580;10.0564;10.1580;23-May-2016
135800;10.1363;10.0349;10.1363;24-May-2016
135800;10.3101;10.2070;10.3101;25-May-2016
135800;10.4108;10.3067;10.4108;26-May-2016
135800;10.5077;10.4026;10.5077;27-May-2016
135800;10.6255;10.5192;10.6255;30-May-2016
135800;10.5510;10.4455;10.5510;31-May-2016
135800;10.6270;10.5207;10.6270;01-Jun-2016
135800;10.6330;10.5267;10.6330;02-Jun-2016
135800;10.6427;10.5363;10.6427;03-Jun-2016
135800;10.6335;10.5272;10.6335;06-Jun-2016
135800;10.6208;10.5146;10.6208;07-Jun-2016
135800;10.5673;10.4616;10.5673;08-Jun-2016
135800;10.4109;10.3068;10.4109;09-Jun-2016
135800;10.3599;10.2563;10.3599;10-Jun-2016
135800;10.3541;10.2506;10.3541;13-Jun-2016
135800;10.3232;10.2200;10.3232;14-Jun-2016
135800;10.3987;10.2947;10.3987;15-Jun-2016
135800;10.3597;10.2561;10.3597;16-Jun-2016
135800;10.3524;10.2489;10.3524;17-Jun-2016
135800;10.5281;10.4228;10.5281;20-Jun-2016
135800;10.5189;10.4137;10.5189;21-Jun-2016
135800;10.5143;10.4092;10.5143;22-Jun-2016
135800;10.5566;10.4510;10.5566;23-Jun-2016
135800;10.3705;10.2668;10.3705;24-Jun-2016
135800;10.2452;10.1427;10.2452;27-Jun-2016
135800;10.1554;10.0538;10.1554;28-Jun-2016
135800;10.2734;10.1707;10.2734;29-Jun-2016
135800;10.2931;10.1902;10.2931;30-Jun-2016
135800;10.2792;10.1764;10.2792;01-Jul-2016
135800;10.3340;10.2307;10.3340;04-Jul-2016
135800;10.2992;10.1962;10.2992;05-Jul-2016
135800;10.1379;10.0365;10.1379;07-Jul-2016
135800;10.1398;10.0384;10.1398;08-Jul-2016
135800;10.2288;10.1265;10.2288;11-Jul-2016
135800;10.2095;10.1074;10.2095;12-Jul-2016
135800;10.2891;10.1862;10.2891;13-Jul-2016
135800;10.2628;10.1602;10.2628;14-Jul-2016
135800;9.7743;9.6766;9.7743;15-Jul-2016
135800;9.7841;9.6863;9.7841;18-Jul-2016
135800;9.7981;9.7001;9.7981;19-Jul-2016
135800;9.8162;9.7180;9.8162;20-Jul-2016
135800;9.8003;9.7023;9.8003;21-Jul-2016
135800;9.7926;9.6947;9.7926;22-Jul-2016
135800;9.8783;9.7795;9.8783;25-Jul-2016
135800;9.9175;9.8183;9.9175;26-Jul-2016
135800;9.9505;9.8510;9.9505;27-Jul-2016
135800;9.9796;9.8798;9.9796;28-Jul-2016
135800;9.9361;9.8367;9.9361;29-Jul-2016
135800;10.0565;9.9559;10.0565;01-Aug-2016
135800;10.0633;9.9627;10.0633;02-Aug-2016
135800;10.0436;9.9432;10.0436;03-Aug-2016
135800;9.9886;9.8887;9.9886;04-Aug-2016
135800;10.0103;9.9102;10.0103;05-Aug-2016
135800;10.0831;9.9823;10.0831;08-Aug-2016
135800;10.0698;9.9691;10.0698;09-Aug-2016
135800;10.0316;9.9313;10.0316;10-Aug-2016
135800;10.0573;9.9567;10.0573;11-Aug-2016
135800;9.9958;9.8958;9.9958;12-Aug-2016
135800;9.8882;9.7893;9.8882;16-Aug-2016
135800;9.7546;9.6571;9.7546;17-Aug-2016
135800;9.7368;9.6394;9.7368;18-Aug-2016
135800;9.6890;9.5921;9.6890;19-Aug-2016
135800;9.5947;9.4988;9.5947;22-Aug-2016
135800;9.7445;9.6471;9.7445;23-Aug-2016
135800;9.8026;9.7046;9.8026;24-Aug-2016
135800;9.7028;9.6058;9.7028;25-Aug-2016
135800;9.6253;9.5290;9.6253;26-Aug-2016
135800;9.5386;9.4432;9.5386;29-Aug-2016
135800;9.6795;9.5827;9.6795;30-Aug-2016
135800;9.6638;9.5672;9.6638;31-Aug-2016
135800;9.6502;9.5537;9.6502;01-Sep-2016
135800;9.6165;9.5203;9.6165;02-Sep-2016
135800;9.6455;9.5490;9.6455;06-Sep-2016
135800;9.6451;9.5486;9.6451;07-Sep-2016
135800;9.4432;9.3488;9.4432;08-Sep-2016
135800;9.4658;9.3711;9.4658;09-Sep-2016
135800;9.5278;9.4325;9.5278;12-Sep-2016
135800;9.4781;9.3833;9.4781;14-Sep-2016
135800;9.4552;9.3606;9.4552;15-Sep-2016
135800;9.5548;9.4593;9.5548;16-Sep-2016
135800;9.5804;9.4846;9.5804;19-Sep-2016
135800;9.5261;9.4308;9.5261;20-Sep-2016
135800;9.5496;9.4541;9.5496;21-Sep-2016
135800;9.5525;9.4570;9.5525;22-Sep-2016
135800;9.5309;9.4356;9.5309;23-Sep-2016
135800;9.4704;9.3757;9.4704;26-Sep-2016
135800;9.5176;9.4224;9.5176;27-Sep-2016
135800;9.4883;9.3934;9.4883;28-Sep-2016
135800;9.3861;9.2922;9.3861;29-Sep-2016
135800;9.4494;9.3549;9.4494;30-Sep-2016
135800;9.4895;9.3946;9.4895;03-Oct-2016
135800;9.5847;9.4889;9.5847;04-Oct-2016
135800;9.5669;9.4712;9.5669;05-Oct-2016
135800;9.4909;9.3960;9.4909;06-Oct-2016
135800;9.3952;9.3012;9.3952;07-Oct-2016
135800;9.4959;9.4009;9.4959;10-Oct-2016
135800;9.5211;9.4259;9.5211;13-Oct-2016
135800;9.4751;9.3803;9.4751;14-Oct-2016
135800;9.3980;9.3040;9.3980;17-Oct-2016
135800;9.5489;9.4534;9.5489;18-Oct-2016
135800;9.5720;9.4763;9.5720;19-Oct-2016
135800;9.5397;9.4443;9.5397;20-Oct-2016
135800;9.6235;9.5273;9.6235;21-Oct-2016
135800;9.5222;9.4270;9.5222;24-Oct-2016
135800;9.4592;9.3646;9.4592;25-Oct-2016
135800;9.4197;9.3255;9.4197;26-Oct-2016
135800;9.3253;9.2320;9.3253;27-Oct-2016
135800;9.2924;9.1995;9.2924;28-Oct-2016
135800;9.2757;9.1829;9.2757;01-Nov-2016
135800;9.1978;9.1058;9.1978;02-Nov-2016
135800;9.1060;9.0149;9.1060;03-Nov-2016
135800;9.1614;9.0698;9.1614;04-Nov-2016
135800;9.2173;9.1251;9.2173;07-Nov-2016
135800;9.2599;9.1673;9.2599;08-Nov-2016
135800;9.0030;8.9130;9.0030;09-Nov-2016
135800;8.9410;8.8516;8.9410;10-Nov-2016
135800;8.7627;8.6751;8.7627;11-Nov-2016
135800;8.7431;8.6557;8.7431;15-Nov-2016
135800;8.8628;8.7742;8.8628;16-Nov-2016
135800;8.7680;8.6803;8.7680;17-Nov-2016
135800;8.7588;8.6712;8.7588;18-Nov-2016
135800;8.7104;8.6233;8.7104;21-Nov-2016
135800;8.7365;8.6491;8.7365;22-Nov-2016
135800;8.7803;8.6925;8.7803;23-Nov-2016
135800;8.8825;8.7937;8.8825;24-Nov-2016
135800;9.2689;9.1762;9.2689;25-Nov-2016
135800;9.2670;9.1743;9.2670;28-Nov-2016
135800;9.2294;9.1371;9.2294;29-Nov-2016
135800;9.2661;9.1734;9.2661;30-Nov-2016
135800;9.2499;9.1574;9.2499;01-Dec-2016
135800;9.1532;9.0617;9.1532;02-Dec-2016
135800;9.1060;9.0149;9.1060;05-Dec-2016
135800;9.1404;9.0490;9.1404;06-Dec-2016
135800;9.1015;9.0105;9.1015;07-Dec-2016
135800;9.2390;9.1466;9.2390;08-Dec-2016
135800;9.3011;9.2081;9.3011;09-Dec-2016
135800;9.2644;9.1718;9.2644;12-Dec-2016
135800;9.3402;9.2468;9.3402;13-Dec-2016
135800;9.3956;9.3016;9.3956;14-Dec-2016
135800;9.4253;9.3310;9.4253;15-Dec-2016
135800;9.4869;9.3920;9.4869;16-Dec-2016
135800;9.4623;9.3677;9.4623;19-Dec-2016
135800;9.5141;9.4190;9.5141;20-Dec-2016
135800;9.4587;9.3641;9.4587;21-Dec-2016
135800;9.3479;9.2544;9.3479;22-Dec-2016
135800;9.3201;9.2269;9.3201;23-Dec-2016
135800;9.2431;9.1507;9.2431;26-Dec-2016
135800;9.3761;9.2823;9.3761;27-Dec-2016
135800;9.4197;9.3255;9.4197;28-Dec-2016
135800;9.4747;9.3800;9.4747;29-Dec-2016
135800;9.5666;9.4709;9.5666;30-Dec-2016
135800;9.5391;9.5391;9.5391;02-Jan-2017
135800;9.5078;9.5078;9.5078;03-Jan-2017
135800;9.5970;9.5970;9.5970;04-Jan-2017
135800;9.5381;9.5381;9.5381;05-Jan-2017
135800;9.2971;9.2971;9.2971;06-Jan-2017
135800;9.3343;9.3343;9.3343;09-Jan-2017
135800;9.3344;9.3344;9.3344;10-Jan-2017
135800;9.3262;9.3262;9.3262;11-Jan-2017
135800;9.4894;9.4894;9.4894;12-Jan-2017
135800;9.3625;9.3625;9.3625;13-Jan-2017
135800;9.2610;9.2610;9.2610;16-Jan-2017
135800;9.2824;9.2824;9.2824;17-Jan-2017
135800;9.3416;9.3416;9.3416;18-Jan-2017
135800;9.3661;9.3661;9.3661;19-Jan-2017
135800;9.2707;9.2707;9.2707;20-Jan-2017
135800;9.3193;9.3193;9.3193;23-Jan-2017
135800;9.2940;9.2940;9.2940;24-Jan-2017
135800;9.2502;9.2502;9.2502;25-Jan-2017
135800;9.3024;9.3024;9.3024;27-Jan-2017
135800;9.3152;9.3152;9.3152;30-Jan-2017
135800;9.0714;9.0714;9.0714;31-Jan-2017
135800;9.0128;9.0128;9.0128;01-Feb-2017
135800;9.1742;9.1742;9.1742;02-Feb-2017
135800;9.2272;9.2272;9.2272;03-Feb-2017
135800;9.2306;9.2306;9.2306;06-Feb-2017
135800;9.2346;9.2346;9.2346;07-Feb-2017
135800;9.2201;9.2201;9.2201;08-Feb-2017
135800;9.3260;9.3260;9.3260;09-Feb-2017
135800;9.4597;9.4597;9.4597;10-Feb-2017
135800;9.5249;9.5249;9.5249;13-Feb-2017
135800;9.5376;9.5376;9.5376;14-Feb-2017
135800;9.4617;9.4617;9.4617;15-Feb-2017
135800;9.6446;9.6446;9.6446;16-Feb-2017
135800;9.5842;9.5842;9.5842;17-Feb-2017
135800;9.6777;9.6777;9.6777;20-Feb-2017
135800;9.6964;9.6964;9.6964;21-Feb-2017
135800;9.5719;9.5719;9.5719;22-Feb-2017
135800;9.6586;9.6586;9.6586;23-Feb-2017
135800;9.6978;9.6978;9.6978;27-Feb-2017
135800;9.6952;9.6952;9.6952;28-Feb-2017
135800;9.7400;9.7400;9.7400;01-Mar-2017
135800;9.6842;9.6842;9.6842;02-Mar-2017
135800;9.7526;9.7526;9.7526;03-Mar-2017
135800;9.7202;9.7202;9.7202;06-Mar-2017
135800;9.7052;9.7052;9.7052;07-Mar-2017
135800;9.6434;9.6434;9.6434;08-Mar-2017
135800;9.6682;9.6682;9.6682;09-Mar-2017
135800;9.6605;9.6605;9.6605;10-Mar-2017
135800;9.7492;9.7492;9.7492;14-Mar-2017
135800;9.6513;9.6513;9.6513;15-Mar-2017
135800;9.7423;9.7423;9.7423;16-Mar-2017
135800;9.8346;9.8346;9.8346;17-Mar-2017
135800;9.7469;9.7469;9.7469;20-Mar-2017
135800;9.7446;9.7446;9.7446;21-Mar-2017
135800;9.7057;9.7057;9.7057;22-Mar-2017
135800;9.7705;9.7705;9.7705;23-Mar-2017
135800;9.7086;9.7086;9.7086;24-Mar-2017
135800;9.6296;9.6296;9.6296;27-Mar-2017
135800;9.6579;9.6579;9.6579;28-Mar-2017
135800;9.6653;9.6653;9.6653;29-Mar-2017
135800;9.6226;9.6226;9.6226;30-Mar-2017
135800;9.6085;9.6085;9.6085;31-Mar-2017
135800;9.5713;9.5713;9.5713;03-Apr-2017
135800;9.5168;9.5168;9.5168;05-Apr-2017
135800;9.5385;9.5385;9.5385;06-Apr-2017
135800;9.4762;9.4762;9.4762;07-Apr-2017
135800;9.3782;9.3782;9.3782;10-Apr-2017
135800;9.4253;9.4253;9.4253;11-Apr-2017
135800;9.3636;9.3636;9.3636;12-Apr-2017
135800;9.1967;9.1967;9.1967;13-Apr-2017
135800;9.1623;9.1623;9.1623;17-Apr-2017
135800;9.1421;9.1421;9.1421;18-Apr-2017
135800;9.1095;9.1095;9.1095;19-Apr-2017
135800;9.1638;9.1638;9.1638;20-Apr-2017
135800;9.1449;9.1449;9.1449;21-Apr-2017
135800;9.1925;9.1925;9.1925;24-Apr-2017
135800;9.2334;9.2334;9.2334;25-Apr-2017
135800;9.1739;9.1739;9.1739;26-Apr-2017
135800;9.2050;9.2050;9.2050;27-Apr-2017
135800;9.1644;9.1644;9.1644;28-Apr-2017
135800;9.2372;9.2372;9.2372;02-May-2017
135800;9.3268;9.3268;9.3268;03-May-2017
135800;9.3469;9.3469;9.3469;04-May-2017
135800;9.3102;9.3102;9.3102;05-May-2017
135800;9.4409;9.4409;9.4409;08-May-2017
135800;9.4705;9.4705;9.4705;09-May-2017
135800;9.4941;9.4941;9.4941;10-May-2017
135800;9.4892;9.4892;9.4892;11-May-2017
135800;9.5662;9.5662;9.5662;12-May-2017
135800;9.5700;9.5700;9.5700;15-May-2017
135800;9.6332;9.6332;9.6332;16-May-2017
135800;9.6065;9.6065;9.6065;17-May-2017
135800;9.6242;9.6242;9.6242;18-May-2017
135800;9.5370;9.5370;9.5370;19-May-2017
135800;9.5295;9.5295;9.5295;22-May-2017
135800;9.4640;9.4640;9.4640;23-May-2017
135800;9.3609;9.3609;9.3609;24-May-2017
135800;9.5101;9.5101;9.5101;25-May-2017
135800;9.5754;9.5754;9.5754;26-May-2017
135800;9.4807;9.4807;9.4807;29-May-2017
135800;9.5255;9.5255;9.5255;30-May-2017
135800;9.5155;9.5155;9.5155;31-May-2017
135800;9.6008;9.6008;9.6008;01-Jun-2017
135800;9.6332;9.6332;9.6332;02-Jun-2017
135800;9.7760;9.7760;9.7760;05-Jun-2017
135800;10.0189;10.0189;10.0189;06-Jun-2017
135800;9.9000;9.9000;9.9000;07-Jun-2017
135800;9.8383;9.8383;9.8383;08-Jun-2017
135800;9.8127;9.8127;9.8127;09-Jun-2017
135800;9.8307;9.8307;9.8307;12-Jun-2017
135800;9.7650;9.7650;9.7650;13-Jun-2017
135800;9.7784;9.7784;9.7784;14-Jun-2017
135800;9.7181;9.7181;9.7181;15-Jun-2017
135800;9.7015;9.7015;9.7015;16-Jun-2017
135800;9.7298;9.7298;9.7298;19-Jun-2017
135800;9.7906;9.7906;9.7906;20-Jun-2017
135800;9.7522;9.7522;9.7522;21-Jun-2017
135800;9.7241;9.7241;9.7241;22-Jun-2017
135800;9.6760;9.6760;9.6760;23-Jun-2017
135800;9.5743;9.5743;9.5743;27-Jun-2017
135800;9.6263;9.6263;9.6263;28-Jun-2017
135800;9.6484;9.6484;9.6484;29-Jun-2017
135800;9.7070;9.7070;9.7070;30-Jun-2017
135800;9.7408;9.7408;9.7408;03-Jul-2017
135800;9.7847;9.7847;9.7847;04-Jul-2017
135800;9.7825;9.7825;9.7825;05-Jul-2017
135800;9.7752;9.7752;9.7752;06-Jul-2017
135800;9.7257;9.7257;9.7257;07-Jul-2017
135800;9.8976;9.8976;9.8976;10-Jul-2017
135800;9.9586;9.9586;9.9586;11-Jul-2017
135800;9.9536;9.9536;9.9536;12-Jul-2017
135800;9.9687;9.9687;9.9687;13-Jul-2017
135800;9.8806;9.8806;9.8806;14-Jul-2017
135800;9.9408;9.9408;9.9408;17-Jul-2017
135800;9.9427;9.9427;9.9427;18-Jul-2017
135800;9.9923;9.9923;9.9923;19-Jul-2017
135800;9.9369;9.9369;9.9369;20-Jul-2017
135800;10.0160;10.0160;10.0160;21-Jul-2017
135800;10.0371;10.0371;10.0371;24-Jul-2017
135800;10.0330;10.0330;10.0330;25-Jul-2017
135800;10.0219;10.0219;10.0219;26-Jul-2017
135800;9.9901;9.9901;9.9901;27-Jul-2017
135800;10.0457;10.0457;10.0457;28-Jul-2017
135800;10.0980;10.0980;10.0980;31-Jul-2017
135800;10.0836;10.0836;10.0836;01-Aug-2017
135800;10.0400;10.0400;10.0400;02-Aug-2017
135800;9.9918;9.9918;9.9918;03-Aug-2017
135800;10.0343;10.0343;10.0343;04-Aug-2017
135800;9.9773;9.9773;9.9773;07-Aug-2017
135800;9.9167;9.9167;9.9167;08-Aug-2017
135800;9.8736;9.8736;9.8736;09-Aug-2017
135800;9.8365;9.8365;9.8365;10-Aug-2017
135800;9.8043;9.8043;9.8043;11-Aug-2017
135800;9.8375;9.8375;9.8375;14-Aug-2017
135800;9.9129;9.9129;9.9129;16-Aug-2017
135800;10.0276;10.0276;10.0276;17-Aug-2017
135800;9.7818;9.7818;9.7818;18-Aug-2017
135800;9.6099;9.6099;9.6099;21-Aug-2017
135800;9.6011;9.6011;9.6011;22-Aug-2017
135800;9.6732;9.6732;9.6732;23-Aug-2017
135800;9.7021;9.7021;9.7021;24-Aug-2017
135800;9.8144;9.8144;9.8144;28-Aug-2017
135800;9.7304;9.7304;9.7304;29-Aug-2017
135800;9.7618;9.7618;9.7618;30-Aug-2017
135800;9.7617;9.7617;9.7617;31-Aug-2017
135800;9.7799;9.7799;9.7799;01-Sep-2017
135800;9.7666;9.7666;9.7666;04-Sep-2017
135800;9.7967;9.7967;9.7967;05-Sep-2017
135800;9.7324;9.7324;9.7324;06-Sep-2017
135800;9.7792;9.7792;9.7792;07-Sep-2017
135800;9.7413;9.7413;9.7413;08-Sep-2017
135800;9.7523;9.7523;9.7523;11-Sep-2017
135800;9.8178;9.8178;9.8178;12-Sep-2017
135800;9.8483;9.8483;9.8483;13-Sep-2017
135800;9.9265;9.9265;9.9265;14-Sep-2017
135800;10.0543;10.0543;10.0543;15-Sep-2017
135800;10.0534;10.0534;10.0534;18-Sep-2017
135800;10.0243;10.0243;10.0243;19-Sep-2017
135800;9.9921;9.9921;9.9921;20-Sep-2017
135800;9.9856;9.9856;9.9856;21-Sep-2017
135800;9.8713;9.8713;9.8713;22-Sep-2017
135800;9.7455;9.7455;9.7455;25-Sep-2017
135800;9.8079;9.8079;9.8079;26-Sep-2017
135800;9.7506;9.7506;9.7506;27-Sep-2017
135800;9.8319;9.8319;9.8319;28-Sep-2017
135800;9.8820;9.8820;9.8820;29-Sep-2017
135800;9.8939;9.8939;9.8939;03-Oct-2017
135800;9.8542;9.8542;9.8542;04-Oct-2017
135800;9.8910;9.8910;9.8910;05-Oct-2017
135800;9.9876;9.9876;9.9876;06-Oct-2017
135800;10.0601;10.0601;10.0601;09-Oct-2017
135800;10.1422;10.1422;10.1422;10-Oct-2017
135800;10.1545;10.1545;10.1545;11-Oct-2017
135800;10.2737;10.2737;10.2737;12-Oct-2017
135800;10.3783;10.3783;10.3783;13-Oct-2017
135800;10.4388;10.4388;10.4388;16-Oct-2017
135800;10.3994;10.3994;10.3994;17-Oct-2017
135800;10.3438;10.3438;10.3438;18-Oct-2017
135800;10.4215;10.4215;10.4215;23-Oct-2017
135800;10.4055;10.4055;10.4055;24-Oct-2017
135800;10.4314;10.4314;10.4314;25-Oct-2017
135800;10.3595;10.3595;10.3595;26-Oct-2017
135800;10.4341;10.4341;10.4341;27-Oct-2017
135800;10.4658;10.4658;10.4658;30-Oct-2017
135800;10.4793;10.4793;10.4793;31-Oct-2017
135800;10.5213;10.5213;10.5213;01-Nov-2017
135800;10.5542;10.5542;10.5542;02-Nov-2017
135800;10.4917;10.4917;10.4917;03-Nov-2017
135800;10.5010;10.5010;10.5010;06-Nov-2017
135800;10.7088;10.7088;10.7088;07-Nov-2017
135800;10.7578;10.7578;10.7578;08-Nov-2017
135800;10.8250;10.8250;10.8250;09-Nov-2017
135800;10.7558;10.7558;10.7558;10-Nov-2017
135800;10.7480;10.7480;10.7480;13-Nov-2017
135800;10.7099;10.7099;10.7099;14-Nov-2017
135800;10.6331;10.6331;10.6331;15-Nov-2017
135800;10.8331;10.8331;10.8331;16-Nov-2017
135800;10.7537;10.7537;10.7537;17-Nov-2017
135800;10.8138;10.8138;10.8138;20-Nov-2017
135800;10.8731;10.8731;10.8731;21-Nov-2017
135800;10.8998;10.8998;10.8998;22-Nov-2017
135800;11.0421;11.0421;11.0421;23-Nov-2017
135800;11.1068;11.1068;11.1068;24-Nov-2017
135800;11.0702;11.0702;11.0702;27-Nov-2017
135800;11.0958;11.0958;11.0958;28-Nov-2017
135800;11.0991;11.0991;11.0991;29-Nov-2017
135800;11.0510;11.0510;11.0510;30-Nov-2017
135800;10.9382;10.9382;10.9382;01-Dec-2017
135800;10.9949;10.9949;10.9949;04-Dec-2017
135800;10.9373;10.9373;10.9373;05-Dec-2017
135800;10.9270;10.9270;10.9270;06-Dec-2017
135800;11.0084;11.0084;11.0084;07-Dec-2017
135800;11.0385;11.0385;11.0385;08-Dec-2017
135800;11.1338;11.1338;11.1338;11-Dec-2017
135800;11.0769;11.0769;11.0769;12-Dec-2017
135800;11.0181;11.0181;11.0181;13-Dec-2017
135800;11.0028;11.0028;11.0028;14-Dec-2017
135800;11.0440;11.0440;11.0440;15-Dec-2017
135800;11.0684;11.0684;11.0684;18-Dec-2017
135800;11.1495;11.1495;11.1495;19-Dec-2017
135800;11.1993;11.1993;11.1993;20-Dec-2017
135800;11.2830;11.2830;11.2830;21-Dec-2017
135800;11.4127;11.4127;11.4127;22-Dec-2017
135800;11.4899;11.4899;11.4899;26-Dec-2017
135800;11.4399;11.4399;11.4399;27-Dec-2017
135800;11.4805;11.4805;11.4805;28-Dec-2017
135800;11.6530;11.6530;11.6530;29-Dec-2017
135800;11.5852;11.5852;11.5852;01-Jan-2018
135800;11.5404;11.5404;11.5404;02-Jan-2018
135800;11.5539;11.5539;11.5539;03-Jan-2018
135800;11.5504;11.5504;11.5504;04-Jan-2018
135800;11.6669;11.6669;11.6669;05-Jan-2018
135800;11.7641;11.7641;11.7641;08-Jan-2018
135800;11.8018;11.8018;11.8018;09-Jan-2018
135800;12.0009;12.0009;12.0009;10-Jan-2018
135800;12.0998;12.0998;12.0998;11-Jan-2018
135800;12.1271;12.1271;12.1271;12-Jan-2018
135800;12.0490;12.0490;12.0490;15-Jan-2018
135800;12.2885;12.2885;12.2885;16-Jan-2018
135800;12.3850;12.3850;12.3850;17-Jan-2018
135800;12.3543;12.3543;12.3543;18-Jan-2018
135800;12.5482;12.5482;12.5482;19-Jan-2018
135800;12.8274;12.8274;12.8274;22-Jan-2018
135800;12.9868;12.9868;12.9868;23-Jan-2018
135800;13.1899;13.1899;13.1899;24-Jan-2018
135800;13.1345;13.1345;13.1345;25-Jan-2018
135800;13.1869;13.1869;13.1869;29-Jan-2018
135800;13.0602;13.0602;13.0602;30-Jan-2018
135800;13.0038;13.0038;13.0038;31-Jan-2018
135800;12.8994;12.8994;12.8994;01-Feb-2018
135800;12.6697;12.6697;12.6697;02-Feb-2018
135800;12.6837;12.6837;12.6837;05-Feb-2018
135800;12.4341;12.4341;12.4341;06-Feb-2018
135800;12.3766;12.3766;12.3766;07-Feb-2018
135800;12.5661;12.5347;12.5661;08-Feb-2018
135800;12.5357;12.5044;12.5357;09-Feb-2018
135800;12.4832;12.4520;12.4832;12-Feb-2018
135800;12.6154;12.5839;12.6154;14-Feb-2018
135800;12.5733;12.5419;12.5733;15-Feb-2018
135800;12.5153;12.4840;12.5153;16-Feb-2018
135800;12.3021;12.3021;12.2713;19-Feb-2018
135800;12.3007;12.2699;12.3007;20-Feb-2018
135800;12.5632;12.5318;12.5632;21-Feb-2018
135800;12.6699;12.6382;12.6699;22-Feb-2018
135800;12.9186;12.8863;12.9186;23-Feb-2018
135800;12.8832;12.8510;12.8832;26-Feb-2018
135800;12.8861;12.8539;12.8861;27-Feb-2018
135800;12.9707;12.9383;12.9707;28-Feb-2018
135800;12.9499;12.9175;12.9499;01-Mar-2018
135800;13.0213;12.9887;13.0213;05-Mar-2018
135800;12.8353;12.8032;12.8353;06-Mar-2018
135800;12.7803;12.7483;12.7803;07-Mar-2018
135800;12.8043;12.7723;12.8043;08-Mar-2018
135800;12.8533;12.8212;12.8533;09-Mar-2018
135800;12.9542;12.9218;12.9542;12-Mar-2018
135800;12.8379;12.8058;12.8379;13-Mar-2018
135800;12.9331;12.9008;12.9331;14-Mar-2018
135800;13.1003;13.0675;13.1003;15-Mar-2018
135800;12.9274;12.8951;12.9274;16-Mar-2018
135800;12.6528;12.6212;12.6528;19-Mar-2018
135800;12.7522;12.7203;12.7522;20-Mar-2018
135800;12.8582;12.8261;12.8582;21-Mar-2018
135800;12.7490;12.7171;12.7490;22-Mar-2018
135800;12.6818;12.6501;12.6818;23-Mar-2018
135800;12.6817;12.6500;12.6817;26-Mar-2018
135800;12.7636;12.7317;12.7636;27-Mar-2018
135800;12.6174;12.5859;12.6174;28-Mar-2018
135800;12.7781;12.7781;12.7462;02-Apr-2018
135800;12.7350;12.7032;12.7350;03-Apr-2018
135800;12.5961;12.5646;12.5961;04-Apr-2018
135800;12.7463;12.7144;12.7463;05-Apr-2018
135800;12.7974;12.7654;12.7974;06-Apr-2018
135800;12.7259;12.6941;12.7259;09-Apr-2018
135800;12.7588;12.7269;12.7588;10-Apr-2018
135800;12.8420;12.8099;12.8420;11-Apr-2018
135800;13.1341;13.1013;13.1341;12-Apr-2018
135800;13.2556;13.2225;13.2556;13-Apr-2018
135800;13.2628;13.2296;13.2628;16-Apr-2018
135800;13.2940;13.2608;13.2940;17-Apr-2018
135800;13.2019;13.1689;13.2019;18-Apr-2018
135800;13.3904;13.3569;13.3904;19-Apr-2018
135800;14.0731;14.0379;14.0731;20-Apr-2018
135800;14.3249;14.2891;14.3249;23-Apr-2018
135800;14.2004;14.1649;14.2004;24-Apr-2018
135800;14.4617;14.4255;14.4617;25-Apr-2018
135800;14.6582;14.6216;14.6582;26-Apr-2018
135800;14.5187;14.4824;14.5187;27-Apr-2018
135800;14.7701;14.7701;14.7332;30-Apr-2018
135800;14.5635;14.5271;14.5635;02-May-2018
135800;14.4278;14.3917;14.4278;03-May-2018
135800;14.2785;14.2428;14.2785;04-May-2018
135800;14.2508;14.2152;14.2508;07-May-2018
135800;14.3175;14.2817;14.3175;08-May-2018
135800;14.4092;14.3732;14.4092;09-May-2018
135800;14.3597;14.3238;14.3597;10-May-2018
135800;14.4458;14.4097;14.4458;11-May-2018
135800;14.3183;14.2825;14.3183;14-May-2018
135800;14.3139;14.2781;14.3139;15-May-2018
135800;14.3949;14.3589;14.3949;16-May-2018
135800;14.3937;14.3577;14.3937;17-May-2018
135800;14.3291;14.2933;14.3291;18-May-2018
135800;14.3311;14.2953;14.3311;21-May-2018
135800;14.3483;14.3124;14.3483;22-May-2018
135800;14.4417;14.4056;14.4417;23-May-2018
135800;14.6394;14.6028;14.6394;24-May-2018
135800;14.7001;14.6633;14.7001;25-May-2018
135800;14.4521;14.4160;14.4521;28-May-2018
135800;14.5435;14.5071;14.5435;29-May-2018
135800;14.5464;14.5100;14.5464;30-May-2018
135800;14.6079;14.5714;14.6079;31-May-2018
135800;14.4612;14.4250;14.4612;01-Jun-2018
135800;14.3563;14.3204;14.3563;04-Jun-2018
135800;14.0174;13.9824;14.0174;05-Jun-2018
135800;14.1837;14.1482;14.1837;06-Jun-2018
135800;14.3545;14.3186;14.3545;07-Jun-2018
135800;14.4527;14.4166;14.4527;08-Jun-2018
135800;14.5267;14.4904;14.5267;11-Jun-2018
135800;14.7587;14.7218;14.7587;12-Jun-2018
135800;14.7710;14.7341;14.7710;13-Jun-2018
135800;14.7140;14.6772;14.7140;14-Jun-2018
135800;14.8678;14.8306;14.8678;15-Jun-2018
135800;14.7427;14.7058;14.7427;18-Jun-2018
135800;14.6364;14.5998;14.6364;19-Jun-2018
135800;14.6422;14.6056;14.6422;20-Jun-2018
135800;14.6282;14.5916;14.6282;21-Jun-2018
135800;14.6143;14.5778;14.6143;22-Jun-2018
135800;14.6503;14.6137;14.6503;25-Jun-2018
135800;14.6711;14.6344;14.6711;26-Jun-2018
135800;14.6428;14.6062;14.6428;27-Jun-2018
135800;14.4593;14.4232;14.4593;28-Jun-2018
135800;14.6738;14.6371;14.6738;29-Jun-2018
135800;14.7435;14.7066;14.7435;02-Jul-2018
135800;14.8652;;;03-Jul-2018
135800;14.7759;;;04-Jul-2018
135800;14.5174;;;05-Jul-2018
135800;14.5666;;;06-Jul-2018
135800;14.7206;;;09-Jul-2018
135800;14.7810;;;10-Jul-2018
135800;15.0319;;;11-Jul-2018
135800;14.9926;;;12-Jul-2018
135800;15.0012;;;13-Jul-2018
135800;15.0781;;;16-Jul-2018
135800;15.0341;;;17-Jul-2018
135800;15.0475;;;18-Jul-2018
135800;14.8990;;;19-Jul-2018
135800;15.0931;;;20-Jul-2018
135800;15.1256;;;23-Jul-2018
135800;15.3520;;;24-Jul-2018
135800;15.3721;;;25-Jul-2018
135800;15.3829;;;26-Jul-2018
135800;15.4171;;;27-Jul-2018
135800;15.2803;;;30-Jul-2018
135800;15.3779;;;31-Jul-2018
135800;15.4330;;;01-Aug-2018
135800;15.3114;;;02-Aug-2018
135800;15.4459;;;03-Aug-2018
135800;15.4566;;;06-Aug-2018
135800;15.3919;;;07-Aug-2018
135800;15.3860;;;08-Aug-2018
135800;15.3766;;;09-Aug-2018
135800;15.4808;;;10-Aug-2018
135800;15.6778;;;13-Aug-2018
135800;15.8326;;;14-Aug-2018
135800;15.9214;;;16-Aug-2018
135800;16.0275;;;17-Aug-2018
135800;15.8325;;;20-Aug-2018
135800;15.9231;;;21-Aug-2018
135800;16.0428;;;23-Aug-2018
135800;15.9083;;;24-Aug-2018
135800;16.0922;;;27-Aug-2018
135800;16.1591;;;28-Aug-2018
135800;16.0807;;;29-Aug-2018
135800;16.1518;;;30-Aug-2018
135800;16.3686;;;31-Aug-2018
135800;16.2922;;;03-Sep-2018
135800;16.4950;;;04-Sep-2018
135800;16.4500;;;05-Sep-2018
135800;16.5016;;;06-Sep-2018
135800;16.6295;;;07-Sep-2018
135800;16.6374;;;10-Sep-2018
135800;16.4745;;;11-Sep-2018
135800;16.4948;;;12-Sep-2018
135800;16.4750;;;14-Sep-2018
135800;16.5118;;;17-Sep-2018
135800;16.3239;;;18-Sep-2018
135800;16.3222;;;19-Sep-2018
135800;16.0663;;;21-Sep-2018
135800;16.2693;;;24-Sep-2018
135800;16.3043;;;25-Sep-2018
135800;16.0684;;;26-Sep-2018
135800;16.1089;;;27-Sep-2018
135800;16.1115;;;28-Sep-2018
135800;16.3987;;;01-Oct-2018
135800;16.1933;;;03-Oct-2018
135800;15.7267;;;04-Oct-2018
135800;15.7475;;;05-Oct-2018
135800;15.4455;;;08-Oct-2018
135800;15.4280;;;09-Oct-2018
135800;15.3306;;;10-Oct-2018
135800;14.8067;;;11-Oct-2018
135800;14.8309;;;12-Oct-2018
135800;15.1412;;;15-Oct-2018
135800;15.2520;;;16-Oct-2018
135800;15.2784;;;17-Oct-2018
135800;14.9129;;;19-Oct-2018
135800;14.7280;;;22-Oct-2018
135800;14.3739;;;23-Oct-2018
135800;14.3432;;;24-Oct-2018
135800;14.3402;;;25-Oct-2018
135800;14.1882;;;26-Oct-2018
135800;14.4646;;;29-Oct-2018
135800;14.6487;;;30-Oct-2018
135800;15.1391;;;31-Oct-2018
135800;14.8839;;;01-Nov-2018
135800;14.7014;;;02-Nov-2018
135800;14.7697;;;05-Nov-2018
135800;14.8063;;;06-Nov-2018
135800;14.8053;;;09-Nov-2018
135800;14.8572;;;12-Nov-2018
135800;14.8723;;;13-Nov-2018
135800;14.6148;;;14-Nov-2018
135800;14.6371;;;15-Nov-2018
1